# Made in Blockbench 4.7.2
mtllib plain_omelette.mtl

o cube
v 0.3125 0.0625 0.3125
v 0.3125 0.0625 -0.3125
v 0.3125 0 0.3125
v 0.3125 0 -0.3125
v -0.3125 0.0625 -0.3125
v -0.3125 0.0625 0.3125
v -0.3125 0 -0.3125
v -0.3125 0 0.3125
vt 0.15625 0.84375
vt 0.3125 0.84375
vt 0.3125 0.828125
vt 0.15625 0.828125
vt 0 0.84375
vt 0.15625 0.84375
vt 0.15625 0.828125
vt 0 0.828125
vt 0.46875 0.84375
vt 0.625 0.84375
vt 0.625 0.828125
vt 0.46875 0.828125
vt 0.3125 0.84375
vt 0.46875 0.84375
vt 0.46875 0.828125
vt 0.3125 0.828125
vt 0.3125 0.84375
vt 0.15625 0.84375
vt 0.15625 1
vt 0.3125 1
vt 0.46875 1
vt 0.3125 1
vt 0.3125 0.84375
vt 0.46875 0.84375
vn 0 0 -1
vn 1 0 0
vn 0 0 1
vn -1 0 0
vn 0 1 0
vn 0 -1 0
usemtl m_999e5d61-5cf1-64a9-8b38-feaacbbd0a62
f 4/4/1 7/3/1 5/2/1 2/1/1
f 3/8/2 4/7/2 2/6/2 1/5/2
f 8/12/3 3/11/3 1/10/3 6/9/3
f 7/16/4 8/15/4 6/14/4 5/13/4
f 6/20/5 1/19/5 2/18/5 5/17/5
f 7/24/6 4/23/6 3/22/6 8/21/6
o cube
v 0.01914040149765306 0.24515764689117459 0.13638111583823043
v -0.06743746348391588 0.24515764689117459 -0.02993341538268618
v 0.04783731360250032 0.12441691860504112 0.12144244894386724
v -0.03874055137906851 0.12441691860504112 -0.04487208227704925
v -0.281634131475173 0.1804528856155445 0.08157031231153422
v -0.19505626649360414 0.1804528856155445 0.24788484353245077
v -0.2529372193703257 0.05971215732941093 0.06663164541717115
v -0.16635935438875682 0.05971215732941093 0.2329461766380877
vt 0.28125 0.640625
vt 0.34375 0.640625
vt 0.34375 0.609375
vt 0.28125 0.609375
vt 0.234375 0.640625
vt 0.28125 0.640625
vt 0.28125 0.609375
vt 0.234375 0.609375
vt 0.390625 0.640625
vt 0.453125 0.640625
vt 0.453125 0.609375
vt 0.390625 0.609375
vt 0.34375 0.640625
vt 0.390625 0.640625
vt 0.390625 0.609375
vt 0.34375 0.609375
vt 0.34375 0.640625
vt 0.28125 0.640625
vt 0.28125 0.6875
vt 0.34375 0.6875
vt 0.40625 0.6875
vt 0.34375 0.6875
vt 0.34375 0.640625
vt 0.40625 0.640625
vn -0.4617486132350341 0 -0.8870108331782217
vn 0.8567866719650289 0.25881904510252074 -0.44601491077688177
vn 0.4617486132350341 0 0.8870108331782217
vn -0.8567866719650289 -0.25881904510252074 0.44601491077688177
vn -0.22957529683877864 0.9659258262890684 0.11950933515490467
vn 0.22957529683877864 -0.9659258262890684 -0.11950933515490467
usemtl m_999e5d61-5cf1-64a9-8b38-feaacbbd0a62
f 12/28/7 15/27/7 13/26/7 10/25/7
f 11/32/8 12/31/8 10/30/8 9/29/8
f 16/36/9 11/35/9 9/34/9 14/33/9
f 15/40/10 16/39/10 14/38/10 13/37/10
f 14/44/11 9/43/11 10/42/11 13/41/11
f 15/48/12 12/47/12 11/46/12 16/45/12
o cube
v 0.05928970287312818 0.125 0.16209880250987874
v -0.0561474504356303 0.125 -0.059653905784676664
v 0.05928970287312818 0.0625 0.16209880250987874
v -0.0561474504356303 0.0625 -0.059653905784676664
v -0.27790015873018575 0.125 0.055783247524081814
v -0.16246300542142722 0.125 0.2775359558186372
v -0.27790015873018575 0.0625 0.055783247524081814
v -0.16246300542142722 0.0625 0.2775359558186372
vt 0.265625 0.71875
vt 0.328125 0.71875
vt 0.328125 0.703125
vt 0.265625 0.703125
vt 0.203125 0.71875
vt 0.265625 0.71875
vt 0.265625 0.703125
vt 0.203125 0.703125
vt 0.390625 0.71875
vt 0.453125 0.71875
vt 0.453125 0.703125
vt 0.390625 0.703125
vt 0.328125 0.71875
vt 0.390625 0.71875
vt 0.390625 0.703125
vt 0.328125 0.703125
vt 0.328125 0.71875
vt 0.265625 0.71875
vt 0.265625 0.78125
vt 0.328125 0.78125
vt 0.390625 0.78125
vt 0.328125 0.78125
vt 0.328125 0.71875
vt 0.390625 0.71875
vn -0.4617486132350339 0 -0.8870108331782217
vn 0.8870108331782217 0 -0.4617486132350339
vn 0.4617486132350339 0 0.8870108331782217
vn -0.8870108331782217 0 0.4617486132350339
vn 0 1 0
vn 0 -1 0
usemtl m_999e5d61-5cf1-64a9-8b38-feaacbbd0a62
f 20/52/13 23/51/13 21/50/13 18/49/13
f 19/56/14 20/55/14 18/54/14 17/53/14
f 24/60/15 19/59/15 17/58/15 22/57/15
f 23/64/16 24/63/16 22/62/16 21/61/16
f 22/68/17 17/67/17 18/66/17 21/65/17
f 23/72/18 20/71/18 19/70/18 24/69/18
o cube
v -0.04921734716083237 0.125 -0.04847983435498626
v 0.17735959959833036 0.125 0.057174731080188335
v -0.04921734716083237 0.0625 -0.04847983435498626
v 0.17735959959833036 0.0625 0.057174731080188335
v 0.28301416503350496 0.125 -0.1694022156789743
v 0.05643721827434223 0.125 -0.2750567811141489
v 0.28301416503350496 0.0625 -0.1694022156789743
v 0.05643721827434223 0.0625 -0.2750567811141489
vt 0.0625 0.75
vt 0.125 0.75
vt 0.125 0.734375
vt 0.0625 0.734375
vt 0 0.75
vt 0.0625 0.75
vt 0.0625 0.734375
vt 0 0.734375
vt 0.1875 0.75
vt 0.25 0.75
vt 0.25 0.734375
vt 0.1875 0.734375
vt 0.125 0.75
vt 0.1875 0.75
vt 0.1875 0.734375
vt 0.125 0.734375
vt 0.125 0.75
vt 0.0625 0.75
vt 0.0625 0.8125
vt 0.125 0.8125
vt 0.1875 0.8125
vt 0.125 0.8125
vt 0.125 0.75
vt 0.1875 0.75
vn 0.9063077870366506 -2.3345537295841086e-16 0.4226182617406984
vn -0.4226182617406984 5.1755810150196477e-17 0.9063077870366506
vn -0.9063077870366506 2.3345537295841086e-16 -0.4226182617406984
vn 0.4226182617406984 -5.1755810150196477e-17 -0.9063077870366506
vn 2.334553729584108e-16 1 5.1755810150196465e-17
vn -2.334553729584108e-16 -1 -5.1755810150196465e-17
usemtl m_999e5d61-5cf1-64a9-8b38-feaacbbd0a62
f 28/76/19 31/75/19 29/74/19 26/73/19
f 27/80/20 28/79/20 26/78/20 25/77/20
f 32/84/21 27/83/21 25/82/21 30/81/21
f 31/88/22 32/87/22 30/86/22 29/85/22
f 30/92/23 25/91/23 26/90/23 29/89/23
f 31/96/24 28/95/24 27/94/24 32/93/24
o cube
v -0.01752728304137008 0.20618259930267513 -0.045040405899088864
v 0.15240542702800153 0.20618259930267613 0.03420051817729297
v -0.026700644416374042 0.083081630176149 -0.025368068946056588
v 0.14323206565299762 0.08308163017615 0.05387285513032525
v 0.2564548622096987 0.16277055488594527 -0.18893421564496443
v 0.0865221521403271 0.16277055488594427 -0.2681751397213463
v 0.2472815008346947 0.039669585759419146 -0.16926187869193215
v 0.0773487907653232 0.03966958575941815 -0.24850280276831405
vt 0.046875 0.671875
vt 0.10937500000000001 0.671875
vt 0.10937500000000001 0.640625
vt 0.046875 0.640625
vt 0 0.671875
vt 0.046875 0.671875
vt 0.046875 0.640625
vt 0 0.640625
vt 0.15625 0.671875
vt 0.21875 0.671875
vt 0.21875 0.640625
vt 0.15625 0.640625
vt 0.10937500000000001 0.671875
vt 0.15625 0.671875
vt 0.15625 0.640625
vt 0.10937500000000001 0.640625
vt 0.10937500000000001 0.671875
vt 0.046875 0.671875
vt 0.046875 0.71875
vt 0.10937500000000001 0.71875
vt 0.17187500000000003 0.71875
vt 0.10937500000000001 0.71875
vt 0.10937500000000001 0.671875
vt 0.17187500000000003 0.671875
vn 0.9063077870366485 5.093148125467905e-15 0.4226182617407031
vn -0.4161977407267884 0.17364817766692345 0.8925389352890293
vn -0.9063077870366485 -5.093148125467905e-15 -0.4226182617407031
vn 0.4161977407267884 -0.17364817766692345 -0.8925389352890293
vn 0.07338689100003139 0.9848077530122092 -0.15737869562425813
vn -0.07338689100003139 -0.9848077530122092 0.15737869562425813
usemtl m_999e5d61-5cf1-64a9-8b38-feaacbbd0a62
f 36/100/25 39/99/25 37/98/25 34/97/25
f 35/104/26 36/103/26 34/102/26 33/101/26
f 40/108/27 35/107/27 33/106/27 38/105/27
f 39/112/28 40/111/28 38/110/28 37/109/28
f 38/116/29 33/115/29 34/114/29 37/113/29
f 39/120/30 36/119/30 35/118/30 40/117/30