# Made in Blockbench 4.7.2
mtllib scotch_egg.mtl

o cube
v 0.4375 0.0625 0.4375
v 0.4375 0.0625 -0.4375
v 0.4375 0 0.4375
v 0.4375 0 -0.4375
v -0.4375 0.0625 -0.4375
v -0.4375 0.0625 0.4375
v -0.4375 0 -0.4375
v -0.4375 0 0.4375
vt 0.21875 0.78125
vt 0.4375 0.78125
vt 0.4375 0.765625
vt 0.21875 0.765625
vt 0 0.78125
vt 0.21875 0.78125
vt 0.21875 0.765625
vt 0 0.765625
vt 0.65625 0.78125
vt 0.875 0.78125
vt 0.875 0.765625
vt 0.65625 0.765625
vt 0.4375 0.78125
vt 0.65625 0.78125
vt 0.65625 0.765625
vt 0.4375 0.765625
vt 0.4375 0.78125
vt 0.21875 0.78125
vt 0.21875 1
vt 0.4375 1
vt 0.65625 1
vt 0.4375 1
vt 0.4375 0.78125
vt 0.65625 0.78125
vn 0 0 -1
vn 1 0 0
vn 0 0 1
vn -1 0 0
vn 0 1 0
vn 0 -1 0
usemtl m_a085eca0-2f46-2a7a-af9c-d767f7f5245e
f 4/4/1 7/3/1 5/2/1 2/1/1
f 3/8/2 4/7/2 2/6/2 1/5/2
f 8/12/3 3/11/3 1/10/3 6/9/3
f 7/16/4 8/15/4 6/14/4 5/13/4
f 6/20/5 1/19/5 2/18/5 5/17/5
f 7/24/6 4/23/6 3/22/6 8/21/6
o cube
v -0.375 0.125 0.4375
v -0.375 0.125 -0.4375
v -0.375 0.0625 0.4375
v -0.375 0.0625 -0.4375
v -0.4375 0.125 -0.4375
v -0.4375 0.125 0.4375
v -0.4375 0.0625 -0.4375
v -0.4375 0.0625 0.4375
vt 0.484375 0.5
vt 0.5 0.5
vt 0.5 0.484375
vt 0.484375 0.484375
vt 0.265625 0.5
vt 0.484375 0.5
vt 0.484375 0.484375
vt 0.265625 0.484375
vt 0.71875 0.5
vt 0.734375 0.5
vt 0.734375 0.484375
vt 0.71875 0.484375
vt 0.5 0.5
vt 0.71875 0.5
vt 0.71875 0.484375
vt 0.5 0.484375
vt 0.5 0.5
vt 0.484375 0.5
vt 0.484375 0.71875
vt 0.5 0.71875
vt 0.515625 0.71875
vt 0.5 0.71875
vt 0.5 0.5
vt 0.515625 0.5
vn 0 0 -1
vn 1 0 0
vn 0 0 1
vn -1 0 0
vn 0 1 0
vn 0 -1 0
usemtl m_a085eca0-2f46-2a7a-af9c-d767f7f5245e
f 12/28/7 15/27/7 13/26/7 10/25/7
f 11/32/8 12/31/8 10/30/8 9/29/8
f 16/36/9 11/35/9 9/34/9 14/33/9
f 15/40/10 16/39/10 14/38/10 13/37/10
f 14/44/11 9/43/11 10/42/11 13/41/11
f 15/48/12 12/47/12 11/46/12 16/45/12
o cube
v 0.4375 0.125 0.4375
v 0.4375 0.125 -0.4375
v 0.4375 0.0625 0.4375
v 0.4375 0.0625 -0.4375
v 0.375 0.125 -0.4375
v 0.375 0.125 0.4375
v 0.375 0.0625 -0.4375
v 0.375 0.0625 0.4375
vt 0.21875 0.53125
vt 0.234375 0.53125
vt 0.234375 0.515625
vt 0.21875 0.515625
vt 0 0.53125
vt 0.21875 0.53125
vt 0.21875 0.515625
vt 0 0.515625
vt 0.453125 0.53125
vt 0.46875 0.53125
vt 0.46875 0.515625
vt 0.453125 0.515625
vt 0.234375 0.53125
vt 0.453125 0.53125
vt 0.453125 0.515625
vt 0.234375 0.515625
vt 0.234375 0.53125
vt 0.21875 0.53125
vt 0.21875 0.75
vt 0.234375 0.75
vt 0.25 0.75
vt 0.234375 0.75
vt 0.234375 0.53125
vt 0.25 0.53125
vn 0 0 -1
vn 1 0 0
vn 0 0 1
vn -1 0 0
vn 0 1 0
vn 0 -1 0
usemtl m_a085eca0-2f46-2a7a-af9c-d767f7f5245e
f 20/52/13 23/51/13 21/50/13 18/49/13
f 19/56/14 20/55/14 18/54/14 17/53/14
f 24/60/15 19/59/15 17/58/15 22/57/15
f 23/64/16 24/63/16 22/62/16 21/61/16
f 22/68/17 17/67/17 18/66/17 21/65/17
f 23/72/18 20/71/18 19/70/18 24/69/18
o cube
v 0.375 0.125 0.4375
v 0.375 0.125 0.375
v 0.375 0.0625 0.4375
v 0.375 0.0625 0.375
v -0.375 0.125 0.375
v -0.375 0.125 0.4375
v -0.375 0.0625 0.375
v -0.375 0.0625 0.4375
vt 0.546875 0.5625
vt 0.734375 0.5625
vt 0.734375 0.546875
vt 0.546875 0.546875
vt 0.53125 0.5625
vt 0.546875 0.5625
vt 0.546875 0.546875
vt 0.53125 0.546875
vt 0.75 0.5625
vt 0.9375 0.5625
vt 0.9375 0.546875
vt 0.75 0.546875
vt 0.734375 0.5625
vt 0.75 0.5625
vt 0.75 0.546875
vt 0.734375 0.546875
vt 0.734375 0.5625
vt 0.546875 0.5625
vt 0.546875 0.578125
vt 0.734375 0.578125
vt 0.921875 0.578125
vt 0.734375 0.578125
vt 0.734375 0.5625
vt 0.921875 0.5625
vn 0 0 -1
vn 1 0 0
vn 0 0 1
vn -1 0 0
vn 0 1 0
vn 0 -1 0
usemtl m_a085eca0-2f46-2a7a-af9c-d767f7f5245e
f 28/76/19 31/75/19 29/74/19 26/73/19
f 27/80/20 28/79/20 26/78/20 25/77/20
f 32/84/21 27/83/21 25/82/21 30/81/21
f 31/88/22 32/87/22 30/86/22 29/85/22
f 30/92/23 25/91/23 26/90/23 29/89/23
f 31/96/24 28/95/24 27/94/24 32/93/24
o cube
v 0.375 0.125 -0.375
v 0.375 0.125 -0.4375
v 0.375 0.0625 -0.375
v 0.375 0.0625 -0.4375
v -0.375 0.125 -0.4375
v -0.375 0.125 -0.375
v -0.375 0.0625 -0.4375
v -0.375 0.0625 -0.375
vt 0.296875 0.453125
vt 0.484375 0.453125
vt 0.484375 0.4375
vt 0.296875 0.4375
vt 0.28125 0.453125
vt 0.296875 0.453125
vt 0.296875 0.4375
vt 0.28125 0.4375
vt 0.5 0.453125
vt 0.6875 0.453125
vt 0.6875 0.4375
vt 0.5 0.4375
vt 0.484375 0.453125
vt 0.5 0.453125
vt 0.5 0.4375
vt 0.484375 0.4375
vt 0.484375 0.453125
vt 0.296875 0.453125
vt 0.296875 0.46875
vt 0.484375 0.46875
vt 0.671875 0.46875
vt 0.484375 0.46875
vt 0.484375 0.453125
vt 0.671875 0.453125
vn 0 0 -1
vn 1 0 0
vn 0 0 1
vn -1 0 0
vn 0 1 0
vn 0 -1 0
usemtl m_a085eca0-2f46-2a7a-af9c-d767f7f5245e
f 36/100/25 39/99/25 37/98/25 34/97/25
f 35/104/26 36/103/26 34/102/26 33/101/26
f 40/108/27 35/107/27 33/106/27 38/105/27
f 39/112/28 40/111/28 38/110/28 37/109/28
f 38/116/29 33/115/29 34/114/29 37/113/29
f 39/120/30 36/119/30 35/118/30 40/117/30
o shattered
v 0.375 0.0625 0.375
v 0.375 0.0625 0.0625
v 0.375 0.0625 0.375
v 0.375 0.0625 0.0625
v 0.0625 0.0625 0.0625
v 0.0625 0.0625 0.375
v 0.0625 0.0625 0.0625
v 0.0625 0.0625 0.375
vt 0.71875 0.390625
vt 0.796875 0.390625
vt 0.796875 0.390625
vt 0.71875 0.390625
vt 0.640625 0.390625
vt 0.71875 0.390625
vt 0.71875 0.390625
vt 0.640625 0.390625
vt 0.875 0.390625
vt 0.953125 0.390625
vt 0.953125 0.390625
vt 0.875 0.390625
vt 0.796875 0.390625
vt 0.875 0.390625
vt 0.875 0.390625
vt 0.796875 0.390625
vt 0.796875 0.390625
vt 0.71875 0.390625
vt 0.71875 0.46875
vt 0.796875 0.46875
vt 0.875 0.46875
vt 0.796875 0.46875
vt 0.796875 0.390625
vt 0.875 0.390625
vn 0 0 -1
vn 1 0 0
vn 0 0 1
vn -1 0 0
vn 0 1 0
vn 0 -1 0
usemtl m_a085eca0-2f46-2a7a-af9c-d767f7f5245e
f 44/124/31 47/123/31 45/122/31 42/121/31
f 43/128/32 44/127/32 42/126/32 41/125/32
f 48/132/33 43/131/33 41/130/33 46/129/33
f 47/136/34 48/135/34 46/134/34 45/133/34
f 46/140/35 41/139/35 42/138/35 45/137/35
f 47/144/36 44/143/36 43/142/36 48/141/36
o shattered
v -0.0625 0.0625 -0.0625
v -0.0625 0.0625 -0.375
v -0.0625 0.0625 -0.0625
v -0.0625 0.0625 -0.375
v -0.375 0.0625 -0.375
v -0.375 0.0625 -0.0625
v -0.375 0.0625 -0.375
v -0.375 0.0625 -0.0625
vt 0.46875 0.34375
vt 0.546875 0.34375
vt 0.546875 0.34375
vt 0.46875 0.34375
vt 0.390625 0.34375
vt 0.46875 0.34375
vt 0.46875 0.34375
vt 0.390625 0.34375
vt 0.625 0.34375
vt 0.703125 0.34375
vt 0.703125 0.34375
vt 0.625 0.34375
vt 0.546875 0.34375
vt 0.625 0.34375
vt 0.625 0.34375
vt 0.546875 0.34375
vt 0.546875 0.34375
vt 0.46875 0.34375
vt 0.46875 0.421875
vt 0.546875 0.421875
vt 0.625 0.421875
vt 0.546875 0.421875
vt 0.546875 0.34375
vt 0.625 0.34375
vn 0 0 -1
vn 1 0 0
vn 0 0 1
vn -1 0 0
vn 0 1 0
vn 0 -1 0
usemtl m_a085eca0-2f46-2a7a-af9c-d767f7f5245e
f 52/148/37 55/147/37 53/146/37 50/145/37
f 51/152/38 52/151/38 50/150/38 49/149/38
f 56/156/39 51/155/39 49/154/39 54/153/39
f 55/160/40 56/159/40 54/158/40 53/157/40
f 54/164/41 49/163/41 50/162/41 53/161/41
f 55/168/42 52/167/42 51/166/42 56/165/42
o cube
v 0.04200362969899274 0.22252781579627545 0.30019316878141544
v -0.08955515758412663 0.22252781579627545 -0.11705799717093396
v -0.0117691612089178 0.04370588753098292 0.3171476646293224
v -0.14332794849203723 0.04370588753098292 -0.10010350132302692
v -0.37379766450428165 0.31649837814136084 -0.02743667899108304
v -0.24223887722116222 0.31649837814136084 0.3898144869612663
v -0.42757045541219224 0.1376764498760683 -0.01048218314317606
v -0.2960116681290728 0.1376764498760683 0.4067689828091733
vt 0.640625 0.640625
vt 0.71875 0.640625
vt 0.71875 0.59375
vt 0.640625 0.59375
vt 0.53125 0.640625
vt 0.640625 0.640625
vt 0.640625 0.59375
vt 0.53125 0.59375
vt 0.828125 0.640625
vt 0.90625 0.640625
vt 0.90625 0.59375
vt 0.828125 0.59375
vt 0.71875 0.640625
vt 0.828125 0.640625
vt 0.828125 0.59375
vt 0.71875 0.59375
vt 0.71875 0.640625
vt 0.640625 0.640625
vt 0.640625 0.75
vt 0.71875 0.75
vt 0.796875 0.75
vt 0.71875 0.75
vt 0.71875 0.640625
vt 0.796875 0.640625
vn -0.3007057995042729 5.551115123125783e-17 -0.953716950748227
vn 0.909576022144496 -0.3007057995042733 -0.28678821817552286
vn 0.3007057995042729 -5.551115123125783e-17 0.953716950748227
vn -0.909576022144496 0.3007057995042733 0.28678821817552286
vn 0.2867882181755232 0.9537169507482268 -0.09042397785550403
vn -0.2867882181755232 -0.9537169507482268 0.09042397785550403
usemtl m_a085eca0-2f46-2a7a-af9c-d767f7f5245e
f 60/172/43 63/171/43 61/170/43 58/169/43
f 59/176/44 60/175/44 58/174/44 57/173/44
f 64/180/45 59/179/45 57/178/45 62/177/45
f 63/184/46 64/183/46 62/182/46 61/181/46
f 62/188/47 57/187/47 58/186/47 61/185/47
f 63/192/48 60/191/48 59/190/48 64/189/48
o cube
v 0.04768847983739588 0.22064840454937373 0.29840074241781833
v -0.08387030744572355 0.22064840454937373 -0.11885042353453096
v -0.006084311070514714 0.041826476284081204 0.3153552382657254
v -0.13764309835363414 0.041826476284081204 -0.10189592768662398
v -0.08387030744572355 0.22064840454937373 -0.11885042353453096
v 0.04768847983739588 0.22064840454937373 0.29840074241781833
v -0.13764309835363414 0.041826476284081204 -0.10189592768662398
v -0.006084311070514714 0.041826476284081204 0.3153552382657254
vt 0.78125 0.890625
vt 0.78125 0.890625
vt 0.78125 0.84375
vt 0.78125 0.84375
vt 0.671875 0.890625
vt 0.78125 0.890625
vt 0.78125 0.84375
vt 0.671875 0.84375
vt 0.890625 0.890625
vt 0.890625 0.890625
vt 0.890625 0.84375
vt 0.890625 0.84375
vt 0.78125 0.890625
vt 0.890625 0.890625
vt 0.890625 0.84375
vt 0.78125 0.84375
vt 0.78125 0.890625
vt 0.78125 0.890625
vt 0.78125 1
vt 0.78125 1
vt 0.78125 1
vt 0.78125 1
vt 0.78125 0.890625
vt 0.78125 0.890625
vn -0.3007057995042729 5.551115123125783e-17 -0.953716950748227
vn 0.909576022144496 -0.3007057995042733 -0.28678821817552286
vn 0.3007057995042729 -5.551115123125783e-17 0.953716950748227
vn -0.909576022144496 0.3007057995042733 0.28678821817552286
vn 0.2867882181755232 0.9537169507482268 -0.09042397785550403
vn -0.2867882181755232 -0.9537169507482268 0.09042397785550403
usemtl m_a085eca0-2f46-2a7a-af9c-d767f7f5245e
f 68/196/49 71/195/49 69/194/49 66/193/49
f 67/200/50 68/199/50 66/198/50 65/197/50
f 72/204/51 67/203/51 65/202/51 70/201/51
f 71/208/52 72/207/52 70/206/52 69/205/52
f 70/212/53 65/211/53 66/210/53 69/209/53
f 71/216/54 68/215/54 67/214/54 72/213/54
o cube
v 0.04388304094589446 0.22252781579627545 0.30615389972359175
v 0.04388304094589446 0.22252781579627545 0.30615389972359175
v -0.009889749962016137 0.04370588753098292 0.32310839557149884
v -0.009889749962016137 0.04370588753098292 0.32310839557149884
v -0.2403594659742605 0.31649837814136084 0.3957752179034427
v -0.2403594659742605 0.31649837814136084 0.3957752179034427
v -0.2941322568821711 0.1376764498760683 0.4127297137513497
v -0.2941322568821711 0.1376764498760683 0.4127297137513497
vt 0 0.9375
vt 0.078125 0.9375
vt 0.078125 0.890625
vt 0 0.890625
vt 0 0.9375
vt 0 0.9375
vt 0 0.890625
vt 0 0.890625
vt 0.078125 0.9375
vt 0.15625 0.9375
vt 0.15625 0.890625
vt 0.078125 0.890625
vt 0.078125 0.9375
vt 0.078125 0.9375
vt 0.078125 0.890625
vt 0.078125 0.890625
vt 0.078125 0.9375
vt 0 0.9375
vt 0 0.9375
vt 0.078125 0.9375
vt 0.15625 0.9375
vt 0.078125 0.9375
vt 0.078125 0.9375
vt 0.15625 0.9375
vn -0.3007057995042729 5.551115123125783e-17 -0.953716950748227
vn 0.909576022144496 -0.3007057995042733 -0.28678821817552286
vn 0.3007057995042729 -5.551115123125783e-17 0.953716950748227
vn -0.909576022144496 0.3007057995042733 0.28678821817552286
vn 0.2867882181755232 0.9537169507482268 -0.09042397785550403
vn -0.2867882181755232 -0.9537169507482268 0.09042397785550403
usemtl m_a085eca0-2f46-2a7a-af9c-d767f7f5245e
f 76/220/55 79/219/55 77/218/55 74/217/55
f 75/224/56 76/223/56 74/222/56 73/221/56
f 80/228/57 75/227/57 73/226/57 78/225/57
f 79/232/58 80/231/58 78/230/58 77/229/58
f 78/236/59 73/235/59 74/234/59 77/233/59
f 79/240/60 76/239/60 75/238/60 80/237/60
o cube
v -0.09143456883102835 0.22252781579627545 -0.12301872811311038
v -0.09143456883102835 0.22252781579627545 -0.12301872811311038
v -0.14520735973893895 0.04370588753098292 -0.1060642322652034
v -0.14520735973893895 0.04370588753098292 -0.1060642322652034
v -0.37567707575118336 0.31649837814136084 -0.03339740993325946
v -0.37567707575118336 0.31649837814136084 -0.03339740993325946
v -0.42944986665909396 0.1376764498760683 -0.016442914085352478
v -0.42944986665909396 0.1376764498760683 -0.016442914085352478
vt 0 1
vt 0.078125 1
vt 0.078125 0.953125
vt 0 0.953125
vt 0 1
vt 0 1
vt 0 0.953125
vt 0 0.953125
vt 0.078125 1
vt 0.15625 1
vt 0.15625 0.953125
vt 0.078125 0.953125
vt 0.078125 1
vt 0.078125 1
vt 0.078125 0.953125
vt 0.078125 0.953125
vt 0.078125 1
vt 0 1
vt 0 1
vt 0.078125 1
vt 0.15625 1
vt 0.078125 1
vt 0.078125 1
vt 0.15625 1
vn -0.3007057995042729 5.551115123125783e-17 -0.953716950748227
vn 0.909576022144496 -0.3007057995042733 -0.28678821817552286
vn 0.3007057995042729 -5.551115123125783e-17 0.953716950748227
vn -0.909576022144496 0.3007057995042733 0.28678821817552286
vn 0.2867882181755232 0.9537169507482268 -0.09042397785550403
vn -0.2867882181755232 -0.9537169507482268 0.09042397785550403
usemtl m_a085eca0-2f46-2a7a-af9c-d767f7f5245e
f 84/244/61 87/243/61 85/242/61 82/241/61
f 83/248/62 84/247/62 82/246/62 81/245/62
f 88/252/63 83/251/63 81/250/63 86/249/63
f 87/256/64 88/255/64 86/254/64 85/253/64
f 86/260/65 81/259/65 82/258/65 85/257/65
f 87/264/66 84/263/66 83/262/66 88/261/66
o cube
v -0.24792372735956536 0.31837778938826256 0.3916069133248633
v -0.3794825146426848 0.31837778938826256 -0.02564425262748604
v -0.30169651826747595 0.13955586112297003 0.4085614091727703
v -0.4332553055505954 0.13955586112297003 -0.008689756779579005
v -0.3794825146426848 0.31837778938826256 -0.02564425262748604
v -0.24792372735956536 0.31837778938826256 0.3916069133248633
v -0.4332553055505954 0.13955586112297003 -0.008689756779579005
v -0.30169651826747595 0.13955586112297003 0.4085614091727703
vt 0.71875 0.265625
vt 0.71875 0.265625
vt 0.71875 0.21875
vt 0.71875 0.21875
vt 0.609375 0.265625
vt 0.71875 0.265625
vt 0.71875 0.21875
vt 0.609375 0.21875
vt 0.828125 0.265625
vt 0.828125 0.265625
vt 0.828125 0.21875
vt 0.828125 0.21875
vt 0.71875 0.265625
vt 0.828125 0.265625
vt 0.828125 0.21875
vt 0.71875 0.21875
vt 0.71875 0.265625
vt 0.71875 0.265625
vt 0.71875 0.375
vt 0.71875 0.375
vt 0.71875 0.375
vt 0.71875 0.375
vt 0.71875 0.265625
vt 0.71875 0.265625
vn -0.3007057995042729 5.551115123125783e-17 -0.953716950748227
vn 0.909576022144496 -0.3007057995042733 -0.28678821817552286
vn 0.3007057995042729 -5.551115123125783e-17 0.953716950748227
vn -0.909576022144496 0.3007057995042733 0.28678821817552286
vn 0.2867882181755232 0.9537169507482268 -0.09042397785550403
vn -0.2867882181755232 -0.9537169507482268 0.09042397785550403
usemtl m_a085eca0-2f46-2a7a-af9c-d767f7f5245e
f 92/268/67 95/267/67 93/266/67 90/265/67
f 91/272/68 92/271/68 90/270/68 89/269/68
f 96/276/69 91/275/69 89/274/69 94/273/69
f 95/280/70 96/279/70 94/278/70 93/277/70
f 94/284/71 89/283/71 90/282/71 93/281/71
f 95/288/72 92/287/72 91/286/72 96/285/72
o yolk
v -0.10546366329141943 0.26264044638415385 0.11732368153600214
v -0.14305188822945353 0.26264044638415385 -0.0018909373075262081
v -0.12338792692738959 0.20303313696238967 0.12297518015197118
v -0.1609761518654237 0.20303313696238967 0.0037605613084428224
v -0.2567488909975155 0.300228671322188 0.033957589964414225
v -0.21916066605948137 0.300228671322188 0.15317220880794258
v -0.2746731546334857 0.24062136190042382 0.039609088580383145
v -0.23708492969545159 0.24062136190042382 0.1588237074239116
vt 0.703125 0.34375
vt 0.734375 0.34375
vt 0.734375 0.328125
vt 0.703125 0.328125
vt 0.671875 0.34375
vt 0.703125 0.34375
vt 0.703125 0.328125
vt 0.671875 0.328125
vt 0.765625 0.34375
vt 0.796875 0.34375
vt 0.796875 0.328125
vt 0.765625 0.328125
vt 0.734375 0.34375
vt 0.765625 0.34375
vt 0.765625 0.328125
vt 0.734375 0.328125
vt 0.734375 0.34375
vt 0.703125 0.34375
vt 0.703125 0.375
vt 0.734375 0.375
vt 0.765625 0.375
vt 0.734375 0.375
vt 0.734375 0.34375
vt 0.765625 0.34375
vn -0.3007057995042729 5.551115123125783e-17 -0.953716950748227
vn 0.909576022144496 -0.3007057995042733 -0.28678821817552286
vn 0.3007057995042729 -5.551115123125783e-17 0.953716950748227
vn -0.909576022144496 0.3007057995042733 0.28678821817552286
vn 0.2867882181755232 0.9537169507482268 -0.09042397785550403
vn -0.2867882181755232 -0.9537169507482268 0.09042397785550403
usemtl m_a085eca0-2f46-2a7a-af9c-d767f7f5245e
f 100/292/73 103/291/73 101/290/73 98/289/73
f 99/296/74 100/295/74 98/294/74 97/293/74
f 104/300/75 99/299/75 97/298/75 102/297/75
f 103/304/76 104/303/76 102/302/76 101/301/76
f 102/308/77 97/307/77 98/306/77 101/305/77
f 103/312/78 100/311/78 99/310/78 104/309/78
o cube
v 0.263266482072569 0.25317899964835133 0.11080160446577803
v 0.3845814484124116 0.32443779115771 -0.30345811307213155
v 0.28870526824043286 0.06899991217513546 0.08656976805499217
v 0.41002023458027537 0.1402587036844941 -0.3276899494829174
v 0.08734446505344184 0.2954908199048357 -0.3954825586230005
v -0.03397050128640067 0.22423202839547707 0.018777158914909053
v 0.11278325122130561 0.11131173243161985 -0.4197143950337864
v -0.008531715118536842 0.04005294092226119 -0.0054546774958767474
vt 0.109375 0.359375
vt 0.1875 0.359375
vt 0.1875 0.3125
vt 0.109375 0.3125
vt 0 0.359375
vt 0.109375 0.359375
vt 0.109375 0.3125
vt 0 0.3125
vt 0.296875 0.359375
vt 0.375 0.359375
vt 0.375 0.3125
vt 0.296875 0.3125
vt 0.1875 0.359375
vt 0.296875 0.359375
vt 0.296875 0.3125
vt 0.1875 0.3125
vt 0.1875 0.359375
vt 0.109375 0.359375
vt 0.109375 0.46875
vt 0.1875 0.46875
vt 0.265625 0.46875
vt 0.1875 0.46875
vt 0.1875 0.359375
vt 0.265625 0.359375
vn 0.2772913516339258 0.16287723773567694 -0.9468793543723647
vn 0.951158346748703 0.09263030800919768 0.2944782257627806
vn -0.2772913516339258 -0.16287723773567694 0.9468793543723647
vn -0.951158346748703 -0.09263030800919768 -0.2944782257627806
vn -0.13567352622860718 0.9822884665238196 0.12923646085752463
vn 0.13567352622860718 -0.9822884665238196 -0.12923646085752463
usemtl m_a085eca0-2f46-2a7a-af9c-d767f7f5245e
f 108/316/79 111/315/79 109/314/79 106/313/79
f 107/320/80 108/319/80 106/318/80 105/317/80
f 112/324/81 107/323/81 105/322/81 110/321/81
f 111/328/82 112/327/82 110/326/82 109/325/82
f 110/332/83 105/331/83 106/330/83 109/329/83
f 111/336/84 108/335/84 107/334/84 112/333/84
o cube
v 0.26921122173974843 0.2537579390734088 0.11264209337679543
v 0.39052618807959094 0.3250167305827675 -0.3016176241611142
v 0.2946500079076122 0.06957885160019295 0.08841025696600957
v 0.4159649742474547 0.1408376431095516 -0.3258494605719
v 0.39052618807959094 0.3250167305827675 -0.3016176241611142
v 0.26921122173974843 0.2537579390734088 0.11264209337679543
v 0.4159649742474547 0.1408376431095516 -0.3258494605719
v 0.2946500079076122 0.06957885160019295 0.08841025696600957
vt 0.109375 0.1875
vt 0.109375 0.1875
vt 0.109375 0.140625
vt 0.109375 0.140625
vt 0 0.1875
vt 0.109375 0.1875
vt 0.109375 0.140625
vt 0 0.140625
vt 0.21875 0.1875
vt 0.21875 0.1875
vt 0.21875 0.140625
vt 0.21875 0.140625
vt 0.109375 0.1875
vt 0.21875 0.1875
vt 0.21875 0.140625
vt 0.109375 0.140625
vt 0.109375 0.1875
vt 0.109375 0.1875
vt 0.109375 0.296875
vt 0.109375 0.296875
vt 0.109375 0.296875
vt 0.109375 0.296875
vt 0.109375 0.1875
vt 0.109375 0.1875
vn 0.2772913516339258 0.16287723773567694 -0.9468793543723647
vn 0.951158346748703 0.09263030800919768 0.2944782257627806
vn -0.2772913516339258 -0.16287723773567694 0.9468793543723647
vn -0.951158346748703 -0.09263030800919768 -0.2944782257627806
vn -0.13567352622860718 0.9822884665238196 0.12923646085752463
vn 0.13567352622860718 -0.9822884665238196 -0.12923646085752463
usemtl m_a085eca0-2f46-2a7a-af9c-d767f7f5245e
f 116/340/85 119/339/85 117/338/85 114/337/85
f 115/344/86 116/343/86 114/342/86 113/341/86
f 120/348/87 115/347/87 113/346/87 118/345/87
f 119/352/88 120/351/88 118/350/88 117/349/88
f 118/356/89 113/355/89 114/354/89 117/353/89
f 119/360/90 116/359/90 115/358/90 120/357/90
o cube
v -0.03991524095358007 0.22365308897041958 0.016936670003891763
v 0.08139972538626239 0.29491188047977823 -0.3973230475340179
v -0.014476454785716242 0.0394740014972037 -0.007295166406894149
v 0.10683851155412627 0.11073279300656236 -0.4215548839448038
v 0.08139972538626239 0.29491188047977823 -0.3973230475340179
v -0.03991524095358007 0.22365308897041958 0.016936670003891763
v 0.10683851155412627 0.11073279300656236 -0.4215548839448038
v -0.014476454785716242 0.0394740014972037 -0.007295166406894149
vt 0.390625 0.21875
vt 0.390625 0.21875
vt 0.390625 0.171875
vt 0.390625 0.171875
vt 0.28125 0.21875
vt 0.390625 0.21875
vt 0.390625 0.171875
vt 0.28125 0.171875
vt 0.5 0.21875
vt 0.5 0.21875
vt 0.5 0.171875
vt 0.5 0.171875
vt 0.390625 0.21875
vt 0.5 0.21875
vt 0.5 0.171875
vt 0.390625 0.171875
vt 0.390625 0.21875
vt 0.390625 0.21875
vt 0.390625 0.328125
vt 0.390625 0.328125
vt 0.390625 0.328125
vt 0.390625 0.328125
vt 0.390625 0.21875
vt 0.390625 0.21875
vn 0.2772913516339258 0.16287723773567694 -0.9468793543723647
vn 0.951158346748703 0.09263030800919768 0.2944782257627806
vn -0.2772913516339258 -0.16287723773567694 0.9468793543723647
vn -0.951158346748703 -0.09263030800919768 -0.2944782257627806
vn -0.13567352622860718 0.9822884665238196 0.12923646085752463
vn 0.13567352622860718 -0.9822884665238196 -0.12923646085752463
usemtl m_a085eca0-2f46-2a7a-af9c-d767f7f5245e
f 124/364/91 127/363/91 125/362/91 122/361/91
f 123/368/92 124/367/92 122/366/92 121/365/92
f 128/372/93 123/371/93 121/370/93 126/369/93
f 127/376/94 128/375/94 126/374/94 125/373/94
f 126/380/95 121/379/95 122/378/95 125/377/95
f 127/384/96 124/383/96 123/382/96 128/381/96
o cube
v 0.26153341112485706 0.25216101691250337 0.11671960043060525
v 0.26153341112485706 0.25216101691250337 0.11671960043060525
v 0.28697219729272083 0.06798192943928749 0.09248776401981951
v 0.28697219729272083 0.06798192943928749 0.09248776401981951
v -0.03570357223411269 0.2232140456596291 0.024695154879736392
v -0.03570357223411269 0.2232140456596291 0.024695154879736392
v -0.010264786066248865 0.03903495818641323 0.0004633184689505354
v -0.010264786066248865 0.03903495818641323 0.0004633184689505354
vt 0 0.75
vt 0.078125 0.75
vt 0.078125 0.703125
vt 0 0.703125
vt 0 0.75
vt 0 0.75
vt 0 0.703125
vt 0 0.703125
vt 0.078125 0.75
vt 0.15625 0.75
vt 0.15625 0.703125
vt 0.078125 0.703125
vt 0.078125 0.75
vt 0.078125 0.75
vt 0.078125 0.703125
vt 0.078125 0.703125
vt 0.078125 0.75
vt 0 0.75
vt 0 0.75
vt 0.078125 0.75
vt 0.15625 0.75
vt 0.078125 0.75
vt 0.078125 0.75
vt 0.15625 0.75
vn 0.2772913516339258 0.16287723773567694 -0.9468793543723647
vn 0.951158346748703 0.09263030800919768 0.2944782257627806
vn -0.2772913516339258 -0.16287723773567694 0.9468793543723647
vn -0.951158346748703 -0.09263030800919768 -0.2944782257627806
vn -0.13567352622860718 0.9822884665238196 0.12923646085752463
vn 0.13567352622860718 -0.9822884665238196 -0.12923646085752463
usemtl m_a085eca0-2f46-2a7a-af9c-d767f7f5245e
f 132/388/97 135/387/97 133/386/97 130/385/97
f 131/392/98 132/391/98 130/390/98 129/389/98
f 136/396/99 131/395/99 129/394/99 134/393/99
f 135/400/100 136/399/100 134/398/100 133/397/100
f 134/404/101 129/403/101 130/402/101 133/401/101
f 135/408/102 132/407/102 131/406/102 136/405/102
o cube
v 0.3863145193601236 0.32545577389355795 -0.3093761090369589
v 0.3863145193601236 0.32545577389355795 -0.3093761090369589
v 0.4117533055279874 0.14127668642034208 -0.33360794544774475
v 0.4117533055279874 0.14127668642034208 -0.33360794544774475
v 0.08907753600115398 0.2965088026406837 -0.40140055458782786
v 0.08907753600115398 0.2965088026406837 -0.40140055458782786
v 0.11451632216901775 0.11232971516746781 -0.42563239099861366
v 0.11451632216901775 0.11232971516746781 -0.42563239099861366
vt 0 0.875
vt 0.078125 0.875
vt 0.078125 0.828125
vt 0 0.828125
vt 0 0.875
vt 0 0.875
vt 0 0.828125
vt 0 0.828125
vt 0.078125 0.875
vt 0.15625 0.875
vt 0.15625 0.828125
vt 0.078125 0.828125
vt 0.078125 0.875
vt 0.078125 0.875
vt 0.078125 0.828125
vt 0.078125 0.828125
vt 0.078125 0.875
vt 0 0.875
vt 0 0.875
vt 0.078125 0.875
vt 0.15625 0.875
vt 0.078125 0.875
vt 0.078125 0.875
vt 0.15625 0.875
vn 0.2772913516339258 0.16287723773567694 -0.9468793543723647
vn 0.951158346748703 0.09263030800919768 0.2944782257627806
vn -0.2772913516339258 -0.16287723773567694 0.9468793543723647
vn -0.951158346748703 -0.09263030800919768 -0.2944782257627806
vn -0.13567352622860718 0.9822884665238196 0.12923646085752463
vn 0.13567352622860718 -0.9822884665238196 -0.12923646085752463
usemtl m_a085eca0-2f46-2a7a-af9c-d767f7f5245e
f 140/412/103 143/411/103 141/410/103 138/409/103
f 139/416/104 140/415/104 138/414/104 137/413/104
f 144/420/105 139/419/105 137/418/105 142/417/105
f 143/424/106 144/423/106 142/422/106 141/421/106
f 142/428/107 137/427/107 138/426/107 141/425/107
f 143/432/108 140/431/108 139/430/108 144/429/108
o yolk
v 0.2330569511569418 0.2924029098587162 -0.12232013220771842
v 0.2677183701111825 0.31276256457567575 -0.24068005150426403
v 0.2415365465462298 0.2310098807009775 -0.1303974110113137
v 0.2761979655004705 0.25136953541793705 -0.2487573303078593
v 0.14882357676759472 0.30118377607452607 -0.2774898297246116
v 0.11416215781335393 0.2808241213575664 -0.159129910428066
v 0.1573031721568826 0.23979074691678737 -0.2855671085282069
v 0.12264175320264181 0.2194310921998277 -0.16720718923166128
vt 0.703125 0.296875
vt 0.734375 0.296875
vt 0.734375 0.28125
vt 0.703125 0.28125
vt 0.671875 0.296875
vt 0.703125 0.296875
vt 0.703125 0.28125
vt 0.671875 0.28125
vt 0.765625 0.296875
vt 0.796875 0.296875
vt 0.796875 0.28125
vt 0.765625 0.28125
vt 0.734375 0.296875
vt 0.765625 0.296875
vt 0.765625 0.28125
vt 0.734375 0.28125
vt 0.734375 0.296875
vt 0.703125 0.296875
vt 0.703125 0.328125
vt 0.734375 0.328125
vt 0.765625 0.328125
vt 0.734375 0.328125
vt 0.734375 0.296875
vt 0.765625 0.296875
vn 0.2772913516339258 0.16287723773567694 -0.9468793543723647
vn 0.951158346748703 0.09263030800919768 0.2944782257627806
vn -0.2772913516339258 -0.16287723773567694 0.9468793543723647
vn -0.951158346748703 -0.09263030800919768 -0.2944782257627806
vn -0.13567352622860718 0.9822884665238196 0.12923646085752463
vn 0.13567352622860718 -0.9822884665238196 -0.12923646085752463
usemtl m_a085eca0-2f46-2a7a-af9c-d767f7f5245e
f 148/436/109 151/435/109 149/434/109 146/433/109
f 147/440/110 148/439/110 146/438/110 145/437/110
f 152/444/111 147/443/111 145/442/111 150/441/111
f 151/448/112 152/447/112 150/446/112 149/445/112
f 150/452/113 145/451/113 146/450/113 149/449/113
f 151/456/114 148/455/114 147/454/114 152/453/114