# Made in Blockbench 4.6.4
mtllib perogies.mtl

o cube
v 0.3125 0 0.3125
v 0.3125 0 -0.3125
v 0.3125 0 0.3125
v 0.3125 0 -0.3125
v -0.3125 0 -0.3125
v -0.3125 0 0.3125
v -0.3125 0 -0.3125
v -0.3125 0 0.3125
vt 0.15625 0.84375
vt 0.3125 0.84375
vt 0.3125 0.84375
vt 0.15625 0.84375
vt 0 0.84375
vt 0.15625 0.84375
vt 0.15625 0.84375
vt 0 0.84375
vt 0.46875 0.84375
vt 0.625 0.84375
vt 0.625 0.84375
vt 0.46875 0.84375
vt 0.3125 0.84375
vt 0.46875 0.84375
vt 0.46875 0.84375
vt 0.3125 0.84375
vt 0.3125 0.84375
vt 0.15625 0.84375
vt 0.15625 1
vt 0.3125 1
vt 0.46875 1
vt 0.3125 1
vt 0.3125 0.84375
vt 0.46875 0.84375
vn 0 0 -1
vn 1 0 0
vn 0 0 1
vn -1 0 0
vn 0 1 0
vn 0 -1 0
usemtl m_9b8e1c94-63e6-3a99-a3c2-cdca3414a776
f 4/4/1 7/3/1 5/2/1 2/1/1
f 3/8/2 4/7/2 2/6/2 1/5/2
f 8/12/3 3/11/3 1/10/3 6/9/3
f 7/16/4 8/15/4 6/14/4 5/13/4
f 6/20/5 1/19/5 2/18/5 5/17/5
f 7/24/6 4/23/6 3/22/6 8/21/6
o cube
v -0.0004737494076379467 0.08927669529663684 0.11125684703151872
v -0.0961446074989104 0.08927669529663684 -0.11971303609630302
v -0.08213393471241143 0.000888347648318466 0.145081603290656
v -0.1778047928036839 0.000888347648318466 -0.08588827983716568
v -0.1369747001512971 0.1334708691207961 -0.10280065796673432
v -0.04130384206002469 0.1334708691207961 0.1281692251610873
v -0.21863488545607063 0.04508252147247771 -0.06897590170759704
v -0.12296402736479817 0.04508252147247771 0.1619939814202247
vt 0.25 0.75
vt 0.265625 0.75
vt 0.265625 0.71875
vt 0.25 0.71875
vt 0.1875 0.75
vt 0.25 0.75
vt 0.25 0.71875
vt 0.1875 0.71875
vt 0.328125 0.75
vt 0.34375 0.75
vt 0.34375 0.71875
vt 0.328125 0.71875
vt 0.265625 0.75
vt 0.328125 0.75
vt 0.328125 0.71875
vt 0.265625 0.71875
vt 0.265625 0.75
vt 0.25 0.75
vt 0.25 0.8125
vt 0.265625 0.8125
vt 0.28125 0.8125
vt 0.265625 0.8125
vt 0.265625 0.75
vt 0.28125 0.75
vn -0.3826834323650897 0 -0.9238795325112867
vn 0.6532814824381883 -0.7071067811865476 -0.2705980500730985
vn 0.3826834323650897 0 0.9238795325112867
vn -0.6532814824381883 0.7071067811865476 0.2705980500730985
vn 0.6532814824381884 0.7071067811865475 -0.27059805007309856
vn -0.6532814824381884 -0.7071067811865475 0.27059805007309856
usemtl m_9b8e1c94-63e6-3a99-a3c2-cdca3414a776
f 12/28/7 15/27/7 13/26/7 10/25/7
f 11/32/8 12/31/8 10/30/8 9/29/8
f 16/36/9 11/35/9 9/34/9 14/33/9
f 15/40/10 16/39/10 14/38/10 13/37/10
f 14/44/11 9/43/11 10/42/11 13/41/11
f 15/48/12 12/47/12 11/46/12 16/45/12
o cube
v -0.008929938472422294 0.11137378220871652 0.1485842714872807
v -0.1285185110865128 0.11137378220871652 -0.14012808242249636
v -0.09059012377719577 0.022985434560398144 0.18240902774641798
v -0.21017869639128633 0.022985434560398144 -0.10630332616335908
v -0.1285185110865128 0.11137378220871652 -0.14012808242249636
v -0.008929938472422294 0.11137378220871652 0.1485842714872807
v -0.21017869639128633 0.022985434560398144 -0.10630332616335908
v -0.09059012377719577 0.022985434560398144 0.18240902774641798
vt 0.078125 0.859375
vt 0.078125 0.859375
vt 0.078125 0.828125
vt 0.078125 0.828125
vt 0 0.859375
vt 0.078125 0.859375
vt 0.078125 0.828125
vt 0 0.828125
vt 0.15625 0.859375
vt 0.15625 0.859375
vt 0.15625 0.828125
vt 0.15625 0.828125
vt 0.078125 0.859375
vt 0.15625 0.859375
vt 0.15625 0.828125
vt 0.078125 0.828125
vt 0.078125 0.859375
vt 0.078125 0.859375
vt 0.078125 0.9375
vt 0.078125 0.9375
vt 0.078125 0.9375
vt 0.078125 0.9375
vt 0.078125 0.859375
vt 0.078125 0.859375
vn -0.3826834323650897 0 -0.9238795325112867
vn 0.6532814824381883 -0.7071067811865476 -0.2705980500730985
vn 0.3826834323650897 0 0.9238795325112867
vn -0.6532814824381883 0.7071067811865476 0.2705980500730985
vn 0.6532814824381884 0.7071067811865475 -0.27059805007309856
vn -0.6532814824381884 -0.7071067811865475 0.27059805007309856
usemtl m_9b8e1c94-63e6-3a99-a3c2-cdca3414a776
f 20/52/13 23/51/13 21/50/13 18/49/13
f 19/56/14 20/55/14 18/54/14 17/53/14
f 24/60/15 19/59/15 17/58/15 22/57/15
f 23/64/16 24/63/16 22/62/16 21/61/16
f 22/68/17 17/67/17 18/66/17 21/65/17
f 23/72/18 20/71/18 19/70/18 24/69/18
o cube
v 0.009733773755458808 0.14451941257683587 0.10702875249912647
v -0.08593708433581365 0.14451941257683587 -0.12394113062869516
v -0.031096318896927988 0.10032523875267674 0.12394113062869516
v -0.12676717698820045 0.10032523875267674 -0.10702875249912647
v -0.08593708433581365 0.14451941257683587 -0.12394113062869516
v 0.009733773755458808 0.14451941257683587 0.10702875249912647
v -0.12676717698820045 0.10032523875267674 -0.10702875249912647
v -0.031096318896927988 0.10032523875267674 0.12394113062869516
vt 0.25 0.84375
vt 0.25 0.84375
vt 0.25 0.828125
vt 0.25 0.828125
vt 0.1875 0.84375
vt 0.25 0.84375
vt 0.25 0.828125
vt 0.1875 0.828125
vt 0.3125 0.84375
vt 0.3125 0.84375
vt 0.3125 0.828125
vt 0.3125 0.828125
vt 0.25 0.84375
vt 0.3125 0.84375
vt 0.3125 0.828125
vt 0.25 0.828125
vt 0.25 0.84375
vt 0.25 0.84375
vt 0.25 0.90625
vt 0.25 0.90625
vt 0.25 0.90625
vt 0.25 0.90625
vt 0.25 0.84375
vt 0.25 0.84375
vn -0.3826834323650897 0 -0.9238795325112867
vn 0.6532814824381883 -0.7071067811865476 -0.2705980500730985
vn 0.3826834323650897 0 0.9238795325112867
vn -0.6532814824381883 0.7071067811865476 0.2705980500730985
vn 0.6532814824381884 0.7071067811865475 -0.27059805007309856
vn -0.6532814824381884 -0.7071067811865475 0.27059805007309856
usemtl m_9b8e1c94-63e6-3a99-a3c2-cdca3414a776
f 28/76/19 31/75/19 29/74/19 26/73/19
f 27/80/20 28/79/20 26/78/20 25/77/20
f 32/84/21 27/83/21 25/82/21 30/81/21
f 31/88/22 32/87/22 30/86/22 29/85/22
f 30/92/23 25/91/23 26/90/23 29/89/23
f 31/96/24 28/95/24 27/94/24 32/93/24
o cube
v 0.09376812871805762 0.08927669529663684 0.1060453392274806
v -0.0019027293732148398 0.08927669529663684 -0.12492454390034108
v 0.012107943413284028 0.000888347648318466 0.13987009548661788
v -0.08356291467798838 0.000888347648318466 -0.0910997876412038
v -0.04273282202560158 0.1334708691207961 -0.10801216577077244
v 0.052938036065670824 0.1334708691207961 0.1229577173570493
v -0.12439300733037512 0.04508252147247771 -0.07418740951163516
v -0.028722149239102657 0.04508252147247771 0.15678247361618658
vt 0.0625 0.75
vt 0.078125 0.75
vt 0.078125 0.71875
vt 0.0625 0.71875
vt 0 0.75
vt 0.0625 0.75
vt 0.0625 0.71875
vt 0 0.71875
vt 0.140625 0.75
vt 0.15625 0.75
vt 0.15625 0.71875
vt 0.140625 0.71875
vt 0.078125 0.75
vt 0.140625 0.75
vt 0.140625 0.71875
vt 0.078125 0.71875
vt 0.078125 0.75
vt 0.0625 0.75
vt 0.0625 0.8125
vt 0.078125 0.8125
vt 0.09375 0.8125
vt 0.078125 0.8125
vt 0.078125 0.75
vt 0.09375 0.75
vn -0.3826834323650897 0 -0.9238795325112867
vn 0.6532814824381883 -0.7071067811865476 -0.2705980500730985
vn 0.3826834323650897 0 0.9238795325112867
vn -0.6532814824381883 0.7071067811865476 0.2705980500730985
vn 0.6532814824381884 0.7071067811865475 -0.27059805007309856
vn -0.6532814824381884 -0.7071067811865475 0.27059805007309856
usemtl m_9b8e1c94-63e6-3a99-a3c2-cdca3414a776
f 36/100/25 39/99/25 37/98/25 34/97/25
f 35/104/26 36/103/26 34/102/26 33/101/26
f 40/108/27 35/107/27 33/106/27 38/105/27
f 39/112/28 40/111/28 38/110/28 37/109/28
f 38/116/29 33/115/29 34/114/29 37/113/29
f 39/120/30 36/119/30 35/118/30 40/117/30
o cube
v 0.08531193965327322 0.11137378220871652 0.1433727636832426
v -0.03427663296081729 0.11137378220871652 -0.14533959022653448
v 0.003651754348499736 0.022985434560398144 0.17719751994237987
v -0.11593681826559082 0.022985434560398144 -0.11151483396739714
v -0.03427663296081729 0.11137378220871652 -0.14533959022653448
v 0.08531193965327322 0.11137378220871652 0.1433727636832426
v -0.11593681826559082 0.022985434560398144 -0.11151483396739714
v 0.003651754348499736 0.022985434560398144 0.17719751994237987
vt 0.078125 0.890625
vt 0.078125 0.890625
vt 0.078125 0.859375
vt 0.078125 0.859375
vt 0 0.890625
vt 0.078125 0.890625
vt 0.078125 0.859375
vt 0 0.859375
vt 0.15625 0.890625
vt 0.15625 0.890625
vt 0.15625 0.859375
vt 0.15625 0.859375
vt 0.078125 0.890625
vt 0.15625 0.890625
vt 0.15625 0.859375
vt 0.078125 0.859375
vt 0.078125 0.890625
vt 0.078125 0.890625
vt 0.078125 0.96875
vt 0.078125 0.96875
vt 0.078125 0.96875
vt 0.078125 0.96875
vt 0.078125 0.890625
vt 0.078125 0.890625
vn -0.3826834323650897 0 -0.9238795325112867
vn 0.6532814824381883 -0.7071067811865476 -0.2705980500730985
vn 0.3826834323650897 0 0.9238795325112867
vn -0.6532814824381883 0.7071067811865476 0.2705980500730985
vn 0.6532814824381884 0.7071067811865475 -0.27059805007309856
vn -0.6532814824381884 -0.7071067811865475 0.27059805007309856
usemtl m_9b8e1c94-63e6-3a99-a3c2-cdca3414a776
f 44/124/31 47/123/31 45/122/31 42/121/31
f 43/128/32 44/127/32 42/126/32 41/125/32
f 48/132/33 43/131/33 41/130/33 46/129/33
f 47/136/34 48/135/34 46/134/34 45/133/34
f 46/140/35 41/139/35 42/138/35 45/137/35
f 47/144/36 44/143/36 43/142/36 48/141/36
o cube
v 0.10397565188115432 0.14451941257683587 0.10181724469508846
v 0.008304793789881804 0.14451941257683587 -0.12915263843273328
v 0.06314555922876752 0.10032523875267674 0.11872962282465704
v -0.03252529886250494 0.10032523875267674 -0.11224026030316459
v 0.008304793789881804 0.14451941257683587 -0.12915263843273328
v 0.10397565188115432 0.14451941257683587 0.10181724469508846
v -0.03252529886250494 0.10032523875267674 -0.11224026030316459
v 0.06314555922876752 0.10032523875267674 0.11872962282465704
vt 0.0625 0.828125
vt 0.0625 0.828125
vt 0.0625 0.8125
vt 0.0625 0.8125
vt 0 0.828125
vt 0.0625 0.828125
vt 0.0625 0.8125
vt 0 0.8125
vt 0.125 0.828125
vt 0.125 0.828125
vt 0.125 0.8125
vt 0.125 0.8125
vt 0.0625 0.828125
vt 0.125 0.828125
vt 0.125 0.8125
vt 0.0625 0.8125
vt 0.0625 0.828125
vt 0.0625 0.828125
vt 0.0625 0.890625
vt 0.0625 0.890625
vt 0.0625 0.890625
vt 0.0625 0.890625
vt 0.0625 0.828125
vt 0.0625 0.828125
vn -0.3826834323650897 0 -0.9238795325112867
vn 0.6532814824381883 -0.7071067811865476 -0.2705980500730985
vn 0.3826834323650897 0 0.9238795325112867
vn -0.6532814824381883 0.7071067811865476 0.2705980500730985
vn 0.6532814824381884 0.7071067811865475 -0.27059805007309856
vn -0.6532814824381884 -0.7071067811865475 0.27059805007309856
usemtl m_9b8e1c94-63e6-3a99-a3c2-cdca3414a776
f 52/148/37 55/147/37 53/146/37 50/145/37
f 51/152/38 52/151/38 50/150/38 49/149/38
f 56/156/39 51/155/39 49/154/39 54/153/39
f 55/160/40 56/159/40 54/158/40 53/157/40
f 54/164/41 49/163/41 50/162/41 53/161/41
f 55/168/42 52/167/42 51/166/42 56/165/42
o cube
v 0.20802535463010818 0.011981305104925677 0.10945558104428854
v 0.11235449653883578 0.011981305104925677 -0.12151430208353309
v 0.09297986813470527 0.0010868372614684096 0.15710898184049515
v -0.002690989956567136 0.0010868372614684096 -0.07386090128732647
v 0.10732190860974944 0.07424347373565965 -0.11942973590947042
v 0.20299276670102184 0.07424347373565965 0.11154014721835126
v -0.007723577885653421 0.06334900589220238 -0.07177633511326381
v 0.08794728020561904 0.06334900589220238 0.15919354801455787
vt 0.15625 0.78125
vt 0.171875 0.78125
vt 0.171875 0.75
vt 0.15625 0.75
vt 0.09375 0.78125
vt 0.15625 0.78125
vt 0.15625 0.75
vt 0.09375 0.75
vt 0.234375 0.78125
vt 0.25 0.78125
vt 0.25 0.75
vt 0.234375 0.75
vt 0.171875 0.78125
vt 0.234375 0.78125
vt 0.234375 0.75
vt 0.171875 0.75
vt 0.171875 0.78125
vt 0.15625 0.78125
vt 0.15625 0.84375
vt 0.171875 0.84375
vt 0.1875 0.84375
vt 0.171875 0.84375
vt 0.171875 0.78125
vt 0.1875 0.78125
vn -0.3826834323650898 0 -0.9238795325112868
vn 0.08052140686538069 -0.9961946980917455 -0.03335305878500273
vn 0.3826834323650898 0 0.9238795325112868
vn -0.08052140686538069 0.9961946980917455 0.03335305878500273
vn 0.9203638919632242 0.08715574274765846 -0.38122720636965346
vn -0.9203638919632242 -0.08715574274765846 0.38122720636965346
usemtl m_9b8e1c94-63e6-3a99-a3c2-cdca3414a776
f 60/172/43 63/171/43 61/170/43 58/169/43
f 59/176/44 60/175/44 58/174/44 57/173/44
f 64/180/45 59/179/45 57/178/45 62/177/45
f 63/184/46 64/183/46 62/182/46 61/181/46
f 62/188/47 57/187/47 58/186/47 61/185/47
f 63/192/48 60/191/48 59/190/48 64/189/48
o cube
v 0.21746791792697406 0.04311238942029272 0.1393690995222976
v 0.09787934531288356 0.04311238942029272 -0.14934325438747942
v 0.10242243143157126 0.03221792157683534 0.1870225003185042
v -0.017166141182519357 0.03221792157683534 -0.10168985359127286
v 0.09787934531288356 0.04311238942029272 -0.14934325438747942
v 0.21746791792697406 0.04311238942029272 0.1393690995222976
v -0.017166141182519357 0.03221792157683534 -0.10168985359127286
v 0.10242243143157126 0.03221792157683534 0.1870225003185042
vt 0.078125 0.921875
vt 0.078125 0.921875
vt 0.078125 0.890625
vt 0.078125 0.890625
vt 0 0.921875
vt 0.078125 0.921875
vt 0.078125 0.890625
vt 0 0.890625
vt 0.15625 0.921875
vt 0.15625 0.921875
vt 0.15625 0.890625
vt 0.15625 0.890625
vt 0.078125 0.921875
vt 0.15625 0.921875
vt 0.15625 0.890625
vt 0.078125 0.890625
vt 0.078125 0.921875
vt 0.078125 0.921875
vt 0.078125 1
vt 0.078125 1
vt 0.078125 1
vt 0.078125 1
vt 0.078125 0.921875
vt 0.078125 0.921875
vn -0.3826834323650898 0 -0.9238795325112868
vn 0.08052140686538069 -0.9961946980917455 -0.03335305878500273
vn 0.3826834323650898 0 0.9238795325112868
vn -0.08052140686538069 0.9961946980917455 0.03335305878500273
vn 0.9203638919632242 0.08715574274765846 -0.38122720636965346
vn -0.9203638919632242 -0.08715574274765846 0.38122720636965346
usemtl m_9b8e1c94-63e6-3a99-a3c2-cdca3414a776
f 68/196/49 71/195/49 69/194/49 66/193/49
f 67/200/50 68/199/50 66/198/50 65/197/50
f 72/204/51 67/203/51 65/202/51 70/201/51
f 71/208/52 72/207/52 70/206/52 69/205/52
f 70/212/53 65/211/53 66/210/53 69/209/53
f 71/216/54 68/215/54 67/214/54 72/213/54
o cube
v 0.24865111810134133 0.04719781486158914 0.09262783883274239
v 0.1529802600100688 0.04719781486158914 -0.1383420442950793
v 0.19112837485363965 0.041750580939860504 0.1164545392308457
v 0.09545751676236724 0.041750580939860504 -0.11451534389697593
v 0.1529802600100688 0.04719781486158914 -0.1383420442950793
v 0.24865111810134133 0.04719781486158914 0.09262783883274239
v 0.09545751676236724 0.041750580939860504 -0.11451534389697593
v 0.19112837485363965 0.041750580939860504 0.1164545392308457
vt 0.0625 0.9375
vt 0.0625 0.9375
vt 0.0625 0.921875
vt 0.0625 0.921875
vt 0 0.9375
vt 0.0625 0.9375
vt 0.0625 0.921875
vt 0 0.921875
vt 0.125 0.9375
vt 0.125 0.9375
vt 0.125 0.921875
vt 0.125 0.921875
vt 0.0625 0.9375
vt 0.125 0.9375
vt 0.125 0.921875
vt 0.0625 0.921875
vt 0.0625 0.9375
vt 0.0625 0.9375
vt 0.0625 1
vt 0.0625 1
vt 0.0625 1
vt 0.0625 1
vt 0.0625 0.9375
vt 0.0625 0.9375
vn -0.3826834323650898 0 -0.9238795325112868
vn 0.08052140686538069 -0.9961946980917455 -0.03335305878500273
vn 0.3826834323650898 0 0.9238795325112868
vn -0.08052140686538069 0.9961946980917455 0.03335305878500273
vn 0.9203638919632242 0.08715574274765846 -0.38122720636965346
vn -0.9203638919632242 -0.08715574274765846 0.38122720636965346
usemtl m_9b8e1c94-63e6-3a99-a3c2-cdca3414a776
f 76/220/55 79/219/55 77/218/55 74/217/55
f 75/224/56 76/223/56 74/222/56 73/221/56
f 80/228/57 75/227/57 73/226/57 78/225/57
f 79/232/58 80/231/58 78/230/58 77/229/58
f 78/236/59 73/235/59 74/234/59 77/233/59
f 79/240/60 76/239/60 75/238/60 80/237/60
o cube
v -0.04185039482843034 0.1584202936305933 0.06074610221203891
v -0.0896858238740666 0.1584202936305933 -0.05473883935187196
v -0.02666232261284851 0.09812108589129254 0.05445499671404286
v -0.07449775165848471 0.09812108589129254 -0.0610299448498679
v -0.14539502773105284 0.14198084272696987 -0.031663331565300656
v -0.09755959868541664 0.14198084272696987 0.08382160999861021
v -0.130206955515471 0.081681634987669 -0.03795443706329665
v -0.08237152646983481 0.081681634987669 0.07753050450061416
vt 0.15625 0.71875
vt 0.171875 0.71875
vt 0.171875 0.703125
vt 0.15625 0.703125
vt 0.125 0.71875
vt 0.15625 0.71875
vt 0.15625 0.703125
vt 0.125 0.703125
vt 0.203125 0.71875
vt 0.21875 0.71875
vt 0.21875 0.703125
vt 0.203125 0.703125
vt 0.171875 0.71875
vt 0.203125 0.71875
vt 0.203125 0.703125
vt 0.171875 0.703125
vt 0.171875 0.71875
vt 0.15625 0.71875
vt 0.15625 0.75
vt 0.171875 0.75
vt 0.1875 0.75
vt 0.171875 0.75
vt 0.171875 0.71875
vt 0.1875 0.71875
vn -0.3826834323650898 -1.3877787807814457e-17 -0.9238795325112868
vn 0.8913472617117792 0.2630312144579748 -0.3692081245851395
vn 0.3826834323650898 1.3877787807814457e-17 0.9238795325112868
vn -0.8913472617117792 -0.2630312144579748 0.3692081245851395
vn -0.24300915544930976 0.9647873238288129 0.1006576879679358
vn 0.24300915544930976 -0.9647873238288129 -0.1006576879679358
usemtl m_9b8e1c94-63e6-3a99-a3c2-cdca3414a776
f 84/244/61 87/243/61 85/242/61 82/241/61
f 83/248/62 84/247/62 82/246/62 81/245/62
f 88/252/63 83/251/63 81/250/63 86/249/63
f 87/256/64 88/255/64 86/254/64 85/253/64
f 86/260/65 81/259/65 82/258/65 85/257/65
f 87/264/66 84/263/66 83/262/66 88/261/66
o cube
v 0.07725471233024506 0.1376607967846709 0.045235907738152004
v 0.029419283284608855 0.1376607967846709 -0.07024903382575881
v 0.057505624197422445 0.07893000798555161 0.05341624788726873
v 0.009670195151786243 0.07893000798555161 -0.06206869367664214
v -0.024840890415140593 0.15903705574252514 -0.04777373398260265
v 0.02299453863049561 0.15903705574252514 0.06771120758130822
v -0.044589978547963205 0.10030626694340594 -0.03959339383348598
v 0.003245450497672997 0.10030626694340594 0.07589154773042484
vt 0.09375 0.953125
vt 0.109375 0.953125
vt 0.109375 0.9375
vt 0.09375 0.9375
vt 0.0625 0.953125
vt 0.09375 0.953125
vt 0.09375 0.9375
vt 0.0625 0.9375
vt 0.140625 0.953125
vt 0.15625 0.953125
vt 0.15625 0.9375
vt 0.140625 0.9375
vt 0.109375 0.953125
vt 0.140625 0.953125
vt 0.140625 0.9375
vt 0.109375 0.9375
vt 0.109375 0.953125
vt 0.09375 0.953125
vt 0.09375 0.984375
vt 0.109375 0.984375
vt 0.125 0.984375
vt 0.109375 0.984375
vt 0.109375 0.953125
vt 0.125 0.953125
vn -0.3826834323650898 0 -0.9238795325112867
vn 0.8681627791959909 -0.34202014332566866 -0.3596047974904981
vn 0.3826834323650898 0 0.9238795325112867
vn -0.8681627791959909 0.34202014332566866 0.3596047974904981
vn 0.31598541012516207 0.9396926207859084 -0.13088544238586683
vn -0.31598541012516207 -0.9396926207859084 0.13088544238586683
usemtl m_9b8e1c94-63e6-3a99-a3c2-cdca3414a776
f 92/268/67 95/267/67 93/266/67 90/265/67
f 91/272/68 92/271/68 90/270/68 89/269/68
f 96/276/69 91/275/69 89/274/69 94/273/69
f 95/280/70 96/279/70 94/278/70 93/277/70
f 94/284/71 89/283/71 90/282/71 93/281/71
f 95/288/72 92/287/72 91/286/72 96/285/72
o cube
v 0.21358375559061504 0.09375 0.056416081592633005
v 0.16574832654497884 0.09375 -0.05906885997127781
v 0.21358375559061504 0.03125 0.056416081592633005
v 0.16574832654497884 0.03125 -0.05906885997127781
v 0.10800585576302346 0.09375 -0.03515114544845971
v 0.15584128480865966 0.09375 0.0803337961154511
v 0.10800585576302346 0.03125 -0.03515114544845971
v 0.15584128480865966 0.03125 0.0803337961154511
vt 0.03125 0.96875
vt 0.046875 0.96875
vt 0.046875 0.953125
vt 0.03125 0.953125
vt 0 0.96875
vt 0.03125 0.96875
vt 0.03125 0.953125
vt 0 0.953125
vt 0.078125 0.96875
vt 0.09375 0.96875
vt 0.09375 0.953125
vt 0.078125 0.953125
vt 0.046875 0.96875
vt 0.078125 0.96875
vt 0.078125 0.953125
vt 0.046875 0.953125
vt 0.046875 0.96875
vt 0.03125 0.96875
vt 0.03125 1
vt 0.046875 1
vt 0.0625 1
vt 0.046875 1
vt 0.046875 0.96875
vt 0.0625 0.96875
vn -0.3826834323650897 0 -0.9238795325112867
vn 0.9238795325112867 0 -0.3826834323650897
vn 0.3826834323650897 0 0.9238795325112867
vn -0.9238795325112867 0 0.3826834323650897
vn 0 1 0
vn 0 -1 0
usemtl m_9b8e1c94-63e6-3a99-a3c2-cdca3414a776
f 100/292/73 103/291/73 101/290/73 98/289/73
f 99/296/74 100/295/74 98/294/74 97/293/74
f 104/300/75 99/299/75 97/298/75 102/297/75
f 103/304/76 104/303/76 102/302/76 101/301/76
f 102/308/77 97/307/77 98/306/77 101/305/77
f 103/312/78 100/311/78 99/310/78 104/309/78