# Made in Blockbench 4.6.4
mtllib ratatouille.mtl

o cube
v 0.375 0.0625 0.375
v 0.375 0.0625 -0.375
v 0.375 0 0.375
v 0.375 0 -0.375
v -0.375 0.0625 -0.375
v -0.375 0.0625 0.375
v -0.375 0 -0.375
v -0.375 0 0.375
vt 0.1875 0.8125
vt 0.375 0.8125
vt 0.375 0.796875
vt 0.1875 0.796875
vt 0 0.8125
vt 0.1875 0.8125
vt 0.1875 0.796875
vt 0 0.796875
vt 0.5625 0.8125
vt 0.75 0.8125
vt 0.75 0.796875
vt 0.5625 0.796875
vt 0.375 0.8125
vt 0.5625 0.8125
vt 0.5625 0.796875
vt 0.375 0.796875
vt 0.375 0.8125
vt 0.1875 0.8125
vt 0.1875 1
vt 0.375 1
vt 0.5625 1
vt 0.375 1
vt 0.375 0.8125
vt 0.5625 0.8125
vn 0 0 -1
vn 1 0 0
vn 0 0 1
vn -1 0 0
vn 0 1 0
vn 0 -1 0
usemtl m_6891a01b-138e-5989-7999-2aa76feccc63
f 4/4/1 7/3/1 5/2/1 2/1/1
f 3/8/2 4/7/2 2/6/2 1/5/2
f 8/12/3 3/11/3 1/10/3 6/9/3
f 7/16/4 8/15/4 6/14/4 5/13/4
f 6/20/5 1/19/5 2/18/5 5/17/5
f 7/24/6 4/23/6 3/22/6 8/21/6
o cube
v 0.375 0.25 0.375
v 0.375 0.25 0.3125
v 0.375 0.0625 0.375
v 0.375 0.0625 0.3125
v -0.3125 0.25 0.3125
v -0.3125 0.25 0.375
v -0.3125 0.0625 0.3125
v -0.3125 0.0625 0.375
vt 0.390625 0.5
vt 0.5625 0.5
vt 0.5625 0.453125
vt 0.390625 0.453125
vt 0.375 0.5
vt 0.390625 0.5
vt 0.390625 0.453125
vt 0.375 0.453125
vt 0.578125 0.5
vt 0.75 0.5
vt 0.75 0.453125
vt 0.578125 0.453125
vt 0.5625 0.5
vt 0.578125 0.5
vt 0.578125 0.453125
vt 0.5625 0.453125
vt 0.5625 0.5
vt 0.390625 0.5
vt 0.390625 0.515625
vt 0.5625 0.515625
vt 0.734375 0.515625
vt 0.5625 0.515625
vt 0.5625 0.5
vt 0.734375 0.5
vn 0 0 -1
vn 1 0 0
vn 0 0 1
vn -1 0 0
vn 0 1 0
vn 0 -1 0
usemtl m_6891a01b-138e-5989-7999-2aa76feccc63
f 12/28/7 15/27/7 13/26/7 10/25/7
f 11/32/8 12/31/8 10/30/8 9/29/8
f 16/36/9 11/35/9 9/34/9 14/33/9
f 15/40/10 16/39/10 14/38/10 13/37/10
f 14/44/11 9/43/11 10/42/11 13/41/11
f 15/48/12 12/47/12 11/46/12 16/45/12
o cube
v 0.3125 0.25 -0.3125
v 0.3125 0.25 -0.375
v 0.3125 0.0625 -0.3125
v 0.3125 0.0625 -0.375
v -0.375 0.25 -0.375
v -0.375 0.25 -0.3125
v -0.375 0.0625 -0.375
v -0.375 0.0625 -0.3125
vt 0.21875 0.5625
vt 0.390625 0.5625
vt 0.390625 0.515625
vt 0.21875 0.515625
vt 0.203125 0.5625
vt 0.21875 0.5625
vt 0.21875 0.515625
vt 0.203125 0.515625
vt 0.40625 0.5625
vt 0.578125 0.5625
vt 0.578125 0.515625
vt 0.40625 0.515625
vt 0.390625 0.5625
vt 0.40625 0.5625
vt 0.40625 0.515625
vt 0.390625 0.515625
vt 0.390625 0.5625
vt 0.21875 0.5625
vt 0.21875 0.578125
vt 0.390625 0.578125
vt 0.5625 0.578125
vt 0.390625 0.578125
vt 0.390625 0.5625
vt 0.5625 0.5625
vn 0 0 -1
vn 1 0 0
vn 0 0 1
vn -1 0 0
vn 0 1 0
vn 0 -1 0
usemtl m_6891a01b-138e-5989-7999-2aa76feccc63
f 20/52/13 23/51/13 21/50/13 18/49/13
f 19/56/14 20/55/14 18/54/14 17/53/14
f 24/60/15 19/59/15 17/58/15 22/57/15
f 23/64/16 24/63/16 22/62/16 21/61/16
f 22/68/17 17/67/17 18/66/17 21/65/17
f 23/72/18 20/71/18 19/70/18 24/69/18
o cube
v 0.375 0.25 0.3125
v 0.375 0.25 -0.375
v 0.375 0.0625 0.3125
v 0.375 0.0625 -0.375
v 0.3125 0.25 -0.375
v 0.3125 0.25 0.3125
v 0.3125 0.0625 -0.375
v 0.3125 0.0625 0.3125
vt 0.171875 0.46875
vt 0.1875 0.46875
vt 0.1875 0.421875
vt 0.171875 0.421875
vt 0 0.46875
vt 0.171875 0.46875
vt 0.171875 0.421875
vt 0 0.421875
vt 0.359375 0.46875
vt 0.375 0.46875
vt 0.375 0.421875
vt 0.359375 0.421875
vt 0.1875 0.46875
vt 0.359375 0.46875
vt 0.359375 0.421875
vt 0.1875 0.421875
vt 0.1875 0.46875
vt 0.171875 0.46875
vt 0.171875 0.640625
vt 0.1875 0.640625
vt 0.203125 0.640625
vt 0.1875 0.640625
vt 0.1875 0.46875
vt 0.203125 0.46875
vn 0 0 -1
vn 1 0 0
vn 0 0 1
vn -1 0 0
vn 0 1 0
vn 0 -1 0
usemtl m_6891a01b-138e-5989-7999-2aa76feccc63
f 28/76/19 31/75/19 29/74/19 26/73/19
f 27/80/20 28/79/20 26/78/20 25/77/20
f 32/84/21 27/83/21 25/82/21 30/81/21
f 31/88/22 32/87/22 30/86/22 29/85/22
f 30/92/23 25/91/23 26/90/23 29/89/23
f 31/96/24 28/95/24 27/94/24 32/93/24
o cube
v -0.3125 0.25 0.375
v -0.3125 0.25 -0.3125
v -0.3125 0.0625 0.375
v -0.3125 0.0625 -0.3125
v -0.375 0.25 -0.3125
v -0.375 0.25 0.375
v -0.375 0.0625 -0.3125
v -0.375 0.0625 0.375
vt 0.46875 0.625
vt 0.484375 0.625
vt 0.484375 0.578125
vt 0.46875 0.578125
vt 0.296875 0.625
vt 0.46875 0.625
vt 0.46875 0.578125
vt 0.296875 0.578125
vt 0.65625 0.625
vt 0.671875 0.625
vt 0.671875 0.578125
vt 0.65625 0.578125
vt 0.484375 0.625
vt 0.65625 0.625
vt 0.65625 0.578125
vt 0.484375 0.578125
vt 0.484375 0.625
vt 0.46875 0.625
vt 0.46875 0.796875
vt 0.484375 0.796875
vt 0.5 0.796875
vt 0.484375 0.796875
vt 0.484375 0.625
vt 0.5 0.625
vn 0 0 -1
vn 1 0 0
vn 0 0 1
vn -1 0 0
vn 0 1 0
vn 0 -1 0
usemtl m_6891a01b-138e-5989-7999-2aa76feccc63
f 36/100/25 39/99/25 37/98/25 34/97/25
f 35/104/26 36/103/26 34/102/26 33/101/26
f 40/108/27 35/107/27 33/106/27 38/105/27
f 39/112/28 40/111/28 38/110/28 37/109/28
f 38/116/29 33/115/29 34/114/29 37/113/29
f 39/120/30 36/119/30 35/118/30 40/117/30
o cube
v 0.09375 0.1875 -0.375
v 0.09375 0.1875 -0.4375
v 0.09375 0.125 -0.375
v 0.09375 0.125 -0.4375
v -0.09375 0.1875 -0.4375
v -0.09375 0.1875 -0.375
v -0.09375 0.125 -0.4375
v -0.09375 0.125 -0.375
vt 0.21875 0.5
vt 0.265625 0.5
vt 0.265625 0.484375
vt 0.21875 0.484375
vt 0.203125 0.5
vt 0.21875 0.5
vt 0.21875 0.484375
vt 0.203125 0.484375
vt 0.28125 0.5
vt 0.328125 0.5
vt 0.328125 0.484375
vt 0.28125 0.484375
vt 0.265625 0.5
vt 0.28125 0.5
vt 0.28125 0.484375
vt 0.265625 0.484375
vt 0.265625 0.5
vt 0.21875 0.5
vt 0.21875 0.515625
vt 0.265625 0.515625
vt 0.3125 0.515625
vt 0.265625 0.515625
vt 0.265625 0.5
vt 0.3125 0.5
vn 0 0 -1
vn 1 0 0
vn 0 0 1
vn -1 0 0
vn 0 1 0
vn 0 -1 0
usemtl m_6891a01b-138e-5989-7999-2aa76feccc63
f 44/124/31 47/123/31 45/122/31 42/121/31
f 43/128/32 44/127/32 42/126/32 41/125/32
f 48/132/33 43/131/33 41/130/33 46/129/33
f 47/136/34 48/135/34 46/134/34 45/133/34
f 46/140/35 41/139/35 42/138/35 45/137/35
f 47/144/36 44/143/36 43/142/36 48/141/36
o cube
v 0.09375 0.1875 0.4375
v 0.09375 0.1875 0.375
v 0.09375 0.125 0.4375
v 0.09375 0.125 0.375
v -0.09375 0.1875 0.375
v -0.09375 0.1875 0.4375
v -0.09375 0.125 0.375
v -0.09375 0.125 0.4375
vt 0.015625 0.84375
vt 0.0625 0.84375
vt 0.0625 0.828125
vt 0.015625 0.828125
vt 0 0.84375
vt 0.015625 0.84375
vt 0.015625 0.828125
vt 0 0.828125
vt 0.078125 0.84375
vt 0.125 0.84375
vt 0.125 0.828125
vt 0.078125 0.828125
vt 0.0625 0.84375
vt 0.078125 0.84375
vt 0.078125 0.828125
vt 0.0625 0.828125
vt 0.0625 0.84375
vt 0.015625 0.84375
vt 0.015625 0.859375
vt 0.0625 0.859375
vt 0.109375 0.859375
vt 0.0625 0.859375
vt 0.0625 0.84375
vt 0.109375 0.84375
vn 0 0 -1
vn 1 0 0
vn 0 0 1
vn -1 0 0
vn 0 1 0
vn 0 -1 0
usemtl m_6891a01b-138e-5989-7999-2aa76feccc63
f 52/148/37 55/147/37 53/146/37 50/145/37
f 51/152/38 52/151/38 50/150/38 49/149/38
f 56/156/39 51/155/39 49/154/39 54/153/39
f 55/160/40 56/159/40 54/158/40 53/157/40
f 54/164/41 49/163/41 50/162/41 53/161/41
f 55/168/42 52/167/42 51/166/42 56/165/42
o cube
v 0.3125 0.21250000000000002 0.3125
v 0.3125 0.21250000000000002 -0.3125
v 0.3125 0.21250000000000002 0.3125
v 0.3125 0.21250000000000002 -0.3125
v -0.3125 0.21250000000000002 -0.3125
v -0.3125 0.21250000000000002 0.3125
v -0.3125 0.21250000000000002 -0.3125
v -0.3125 0.21250000000000002 0.3125
vt 0.15625 0.640625
vt 0.3125 0.640625
vt 0.3125 0.640625
vt 0.15625 0.640625
vt 0 0.640625
vt 0.15625 0.640625
vt 0.15625 0.640625
vt 0 0.640625
vt 0.46875 0.640625
vt 0.625 0.640625
vt 0.625 0.640625
vt 0.46875 0.640625
vt 0.3125 0.640625
vt 0.46875 0.640625
vt 0.46875 0.640625
vt 0.3125 0.640625
vt 0.3125 0.640625
vt 0.15625 0.640625
vt 0.15625 0.796875
vt 0.3125 0.796875
vt 0.46875 0.796875
vt 0.3125 0.796875
vt 0.3125 0.640625
vt 0.46875 0.640625
vn 0 0 -1
vn 1 0 0
vn 0 0 1
vn -1 0 0
vn 0 1 0
vn 0 -1 0
usemtl m_6891a01b-138e-5989-7999-2aa76feccc63
f 60/172/43 63/171/43 61/170/43 58/169/43
f 59/176/44 60/175/44 58/174/44 57/173/44
f 64/180/45 59/179/45 57/178/45 62/177/45
f 63/184/46 64/183/46 62/182/46 61/181/46
f 62/188/47 57/187/47 58/186/47 61/185/47
f 63/192/48 60/191/48 59/190/48 64/189/48
o cube
v 0.25648253022013434 0.24620584263502532 -0.12458045224302633
v 0.2384145354135594 0.28495278253745604 -0.24204202984126516
v 0.3061239379660222 0.1397495001801321 -0.16733297015873494
v 0.28805594315944727 0.1784964400825627 -0.28479454775697377
v 0.1251260620339778 0.2321254998198684 -0.24204202984126516
v 0.14319405684055275 0.1933785599174378 -0.12458045224302633
v 0.1747674697798658 0.12566915736497508 -0.28479454775697377
v 0.19283546458644074 0.08692221746254447 -0.16733297015873494
vt 0.28125 0.390625
vt 0.3125 0.390625
vt 0.3125 0.359375
vt 0.28125 0.359375
vt 0.25 0.390625
vt 0.28125 0.390625
vt 0.28125 0.359375
vt 0.25 0.359375
vt 0.34375 0.390625
vt 0.375 0.390625
vt 0.375 0.359375
vt 0.34375 0.359375
vt 0.3125 0.390625
vt 0.34375 0.390625
vt 0.34375 0.359375
vt 0.3125 0.359375
vt 0.3125 0.390625
vt 0.28125 0.390625
vt 0.28125 0.421875
vt 0.3125 0.421875
vt 0.34375 0.421875
vt 0.3125 0.421875
vt 0.3125 0.390625
vt 0.34375 0.390625
vn -0.14454395845259913 0.30997551921944466 -0.9396926207859085
vn 0.9063077870366498 0.4226182617406997 -2.7755575615628914e-17
vn 0.14454395845259913 -0.30997551921944466 0.9396926207859085
vn -0.9063077870366498 -0.4226182617406997 2.7755575615628914e-17
vn -0.3971312619671032 0.8516507396391466 0.34202014332566877
vn 0.3971312619671032 -0.8516507396391466 -0.34202014332566877
usemtl m_6891a01b-138e-5989-7999-2aa76feccc63
f 68/196/49 71/195/49 69/194/49 66/193/49
f 67/200/50 68/199/50 66/198/50 65/197/50
f 72/204/51 67/203/51 65/202/51 70/201/51
f 71/208/52 72/207/52 70/206/52 69/205/52
f 70/212/53 65/211/53 66/210/53 69/209/53
f 71/216/54 68/215/54 67/214/54 72/213/54
o cube
v 0.28038268874743977 0.29185346726086503 -0.01804920625104589
v 0.281562809167636 0.2648242658377744 -0.1400862071410376
v 0.3178460733690561 0.17549816175557098 0.008083870365810153
v 0.31902619378925234 0.14846896033248036 -0.11395313052418155
v 0.16231473946213992 0.22800219159962687 -0.13308387036581015
v 0.1611346190419437 0.2550313930227175 -0.01104686947581851
v 0.19977812408375628 0.11164688609433282 -0.10695079374895411
v 0.19859800366356006 0.13867608751742355 0.015086207141037589
vt 0.15625 0.390625
vt 0.1875 0.390625
vt 0.1875 0.359375
vt 0.15625 0.359375
vt 0.125 0.390625
vt 0.15625 0.390625
vt 0.15625 0.359375
vt 0.125 0.359375
vt 0.21875 0.390625
vt 0.25 0.390625
vt 0.25 0.359375
vt 0.21875 0.359375
vt 0.1875 0.390625
vt 0.21875 0.390625
vt 0.21875 0.359375
vt 0.1875 0.359375
vt 0.1875 0.390625
vt 0.15625 0.390625
vt 0.15625 0.421875
vt 0.1875 0.421875
vt 0.21875 0.421875
vt 0.1875 0.421875
vt 0.1875 0.390625
vt 0.21875 0.390625
vn 0.009440963361569854 -0.21623361138472547 -0.9762960071199334
vn 0.9539845576439625 0.29457659390517815 -0.05601869420181886
vn -0.009440963361569854 0.21623361138472547 0.9762960071199334
vn -0.9539845576439625 -0.29457659390517815 0.05601869420181886
vn -0.2997070769729315 0.9308424440423542 -0.20906461293484865
vn 0.2997070769729315 -0.9308424440423542 0.20906461293484865
usemtl m_6891a01b-138e-5989-7999-2aa76feccc63
f 76/220/55 79/219/55 77/218/55 74/217/55
f 75/224/56 76/223/56 74/222/56 73/221/56
f 80/228/57 75/227/57 73/226/57 78/225/57
f 79/232/58 80/231/58 78/230/58 77/229/58
f 78/236/59 73/235/59 74/234/59 77/233/59
f 79/240/60 76/239/60 75/238/60 80/237/60
o cube
v 0.29818557611455565 0.23774883540605152 0.14637625895785422
v 0.3074389145871135 0.27948794794148113 0.028914681359615724
v 0.27276223760663243 0.12307156620688309 0.10362374104214567
v 0.28201557607919026 0.1648106787423128 -0.01383783655609283
v 0.18540191369712122 0.30654289968374415 0.028914681359615724
v 0.1761485752245634 0.26480378714831443 0.14637625895785422
v 0.159978575189198 0.19186563048457583 -0.01383783655609283
v 0.15072523671664018 0.1501265179491461 0.10362374104214567
vt 0.03125 0.390625
vt 0.0625 0.390625
vt 0.0625 0.359375
vt 0.03125 0.359375
vt 0 0.390625
vt 0.03125 0.390625
vt 0.03125 0.359375
vt 0 0.359375
vt 0.09375 0.390625
vt 0.125 0.390625
vt 0.125 0.359375
vt 0.09375 0.359375
vt 0.0625 0.390625
vt 0.09375 0.390625
vt 0.09375 0.359375
vt 0.0625 0.359375
vt 0.0625 0.390625
vt 0.03125 0.390625
vt 0.03125 0.421875
vt 0.0625 0.421875
vt 0.09375 0.421875
vt 0.0625 0.421875
vt 0.0625 0.390625
vt 0.09375 0.390625
vn 0.07402670778046232 0.33391290028343756 -0.9396926207859084
vn 0.9762960071199334 -0.21643961393810285 0
vn -0.07402670778046232 -0.33391290028343756 0.9396926207859084
vn -0.9762960071199334 0.21643961393810285 0
vn 0.2033867080633861 0.9174181535933481 0.3420201433256686
vn -0.2033867080633861 -0.9174181535933481 -0.3420201433256686
usemtl m_6891a01b-138e-5989-7999-2aa76feccc63
f 84/244/61 87/243/61 85/242/61 82/241/61
f 83/248/62 84/247/62 82/246/62 81/245/62
f 88/252/63 83/251/63 81/250/63 86/249/63
f 87/256/64 88/255/64 86/254/64 85/253/64
f 86/260/65 81/259/65 82/258/65 85/257/65
f 87/264/66 84/263/66 83/262/66 88/261/66
o cube
v 0.24477959352086365 0.2810334096189394 0.23019218913268413
v 0.23892383021065422 0.25461976826014565 0.10815518824269243
v 0.2777008234162456 0.16285859451621465 0.25419022441918515
v 0.27184506010603615 0.1364449531574209 0.13215322352919356
v 0.11847922610474071 0.22360311748018935 0.1206477746908231
v 0.12433498941495014 0.250016758838983 0.2426847755808148
v 0.15140045600012275 0.10542830237746448 0.14464580997732424
v 0.15725621931033207 0.13184194373625824 0.2666828108673158
vt 0.59375 0.84375
vt 0.625 0.84375
vt 0.625 0.8125
vt 0.59375 0.8125
vt 0.5625 0.84375
vt 0.59375 0.84375
vt 0.59375 0.8125
vt 0.5625 0.8125
vt 0.65625 0.84375
vt 0.6875 0.84375
vt 0.6875 0.8125
vt 0.65625 0.8125
vt 0.625 0.84375
vt 0.65625 0.84375
vt 0.65625 0.8125
vt 0.625 0.8125
vt 0.625 0.84375
vt 0.59375 0.84375
vt 0.59375 0.875
vt 0.625 0.875
vt 0.65625 0.875
vt 0.625 0.875
vt 0.625 0.84375
vt 0.65625 0.84375
vn -0.04684610648167498 -0.21130913087034986 -0.9762960071199333
vn 0.9635568328473072 0.24813320623965118 -0.09994069158504529
vn 0.04684610648167498 0.21130913087034986 0.9762960071199333
vn -0.9635568328473072 -0.24813320623965118 0.09994069158504529
vn -0.263369839163056 0.9453985208218004 -0.19198428229200934
vn 0.263369839163056 -0.9453985208218004 0.19198428229200934
usemtl m_6891a01b-138e-5989-7999-2aa76feccc63
f 92/268/67 95/267/67 93/266/67 90/265/67
f 91/272/68 92/271/68 90/270/68 89/269/68
f 96/276/69 91/275/69 89/274/69 94/273/69
f 95/280/70 96/279/70 94/278/70 93/277/70
f 94/284/71 89/283/71 90/282/71 93/281/71
f 95/288/72 92/287/72 91/286/72 96/285/72
o cube
v 0.08356678405819484 0.26794910815659334 0.3096041232015242
v 0.08526893100808342 0.2949086400832269 0.18755787649947286
v 0.15524033862561337 0.16774334674063263 0.2884686801089653
v 0.15694248557550194 0.1947028786672662 0.16642243340691398
v -0.017127378844529195 0.22521653854119883 0.1707350731889844
v -0.018829525794417712 0.19825700661456525 0.29278131989103573
v 0.054546175722889334 0.125010777125238 0.14959963009642552
v 0.05284402877300076 0.09805124519860453 0.27164587679847685
vt 0.59375 0.90625
vt 0.625 0.90625
vt 0.625 0.875
vt 0.59375 0.875
vt 0.5625 0.90625
vt 0.59375 0.90625
vt 0.59375 0.875
vt 0.5625 0.875
vt 0.65625 0.90625
vt 0.6875 0.90625
vt 0.6875 0.875
vt 0.65625 0.875
vt 0.625 0.90625
vt 0.65625 0.90625
vt 0.65625 0.875
vt 0.625 0.875
vt 0.625 0.90625
vt 0.59375 0.90625
vt 0.59375 0.9375
vt 0.625 0.9375
vt 0.65625 0.9375
vt 0.625 0.9375
vt 0.625 0.90625
vt 0.65625 0.90625
vn 0.013617175599108342 0.21567625541306717 -0.9763699736164055
vn 0.8191704788209012 0.5575368123362251 0.13458242648390772
vn -0.013617175599108342 -0.21567625541306717 0.9763699736164055
vn -0.8191704788209012 -0.5575368123362251 -0.13458242648390772
vn -0.5733884365393487 0.8016460913276872 0.16908354474047177
vn 0.5733884365393487 -0.8016460913276872 -0.16908354474047177
usemtl m_6891a01b-138e-5989-7999-2aa76feccc63
f 100/292/73 103/291/73 101/290/73 98/289/73
f 99/296/74 100/295/74 98/294/74 97/293/74
f 104/300/75 99/299/75 97/298/75 102/297/75
f 103/304/76 104/303/76 102/302/76 101/301/76
f 102/308/77 97/307/77 98/306/77 101/305/77
f 103/312/78 100/311/78 99/310/78 104/309/78
o cube
v 0.13846297194506207 0.27208349065972626 0.17155045115023082
v 0.13114386068932626 0.35986847618957474 0.08286433653271885
v 0.15311964143000567 0.18446464037822619 0.08361229609250187
v 0.14580053017426986 0.27224962590807467 -0.005073818525010099
v 0.007222060145454012 0.3443206985068198 0.07770158928998627
v 0.014541171401189823 0.2565357129769714 0.16638770390749813
v 0.02187872963039761 0.25670184822531983 -0.010236565767742734
v 0.02919784088613342 0.16891686269547135 0.07844954884976918
vt 0.59375 0.96875
vt 0.625 0.96875
vt 0.625 0.9375
vt 0.59375 0.9375
vt 0.5625 0.96875
vt 0.59375 0.96875
vt 0.59375 0.9375
vt 0.5625 0.9375
vt 0.65625 0.96875
vt 0.6875 0.96875
vt 0.6875 0.9375
vt 0.65625 0.9375
vt 0.625 0.96875
vt 0.65625 0.96875
vt 0.65625 0.9375
vt 0.625 0.9375
vt 0.625 0.96875
vt 0.59375 0.96875
vt 0.59375 1
vt 0.625 1
vt 0.65625 1
vt 0.625 1
vt 0.625 0.96875
vt 0.65625 0.96875
vn -0.05855289004588676 0.7022798842387876 -0.7094889169400953
vn 0.9913744043509789 0.12438222146203931 0.041301977941861266
vn 0.05855289004588676 -0.7022798842387876 0.7094889169400953
vn -0.9913744043509789 -0.12438222146203931 -0.041301977941861266
vn -0.11725335587954866 0.7009508022520007 0.7035052404618324
vn 0.11725335587954866 -0.7009508022520007 -0.7035052404618324
usemtl m_6891a01b-138e-5989-7999-2aa76feccc63
f 108/316/79 111/315/79 109/314/79 106/313/79
f 107/320/80 108/319/80 106/318/80 105/317/80
f 112/324/81 107/323/81 105/322/81 110/321/81
f 111/328/82 112/327/82 110/326/82 109/325/82
f 110/332/83 105/331/83 106/330/83 109/329/83
f 111/336/84 108/335/84 107/334/84 112/333/84
o cube
v 0.08220250291538511 0.3287032520850136 0.006607644395340673
v 0.0907265514471981 0.3573623981032319 -0.11476366171171959
v 0.15755442218899374 0.2305833817316143 -0.01126913673593688
v 0.16607847072080684 0.2592425277498325 -0.1326404428429972
v -0.008643609357798177 0.28541697162358326 -0.13873086326406303
v -0.017167657889611165 0.2567578256053651 -0.01735955715700277
v 0.06670830991581056 0.18729710127018395 -0.15660764439534064
v 0.05818426138399757 0.15863795525196578 -0.03523633828828032
vt 0.5 0.421875
vt 0.53125 0.421875
vt 0.53125 0.390625
vt 0.5 0.390625
vt 0.46875 0.421875
vt 0.5 0.421875
vt 0.5 0.390625
vt 0.46875 0.390625
vt 0.5625 0.421875
vt 0.59375 0.421875
vt 0.59375 0.390625
vt 0.5625 0.390625
vt 0.53125 0.421875
vt 0.5625 0.421875
vt 0.5625 0.390625
vt 0.53125 0.390625
vt 0.53125 0.421875
vt 0.5 0.421875
vt 0.5 0.453125
vt 0.53125 0.453125
vt 0.5625 0.453125
vt 0.53125 0.453125
vt 0.53125 0.421875
vt 0.5625 0.421875
vn 0.06819238825450447 0.2292731681457458 -0.9709704488564829
vn 0.7949612864399708 0.5755634118371884 0.19173761241874754
vn -0.06819238825450447 -0.2292731681457458 0.9709704488564829
vn -0.7949612864399708 -0.5755634118371884 -0.19173761241874754
vn -0.6028153541888708 0.7849589628271962 0.143014249050221
vn 0.6028153541888708 -0.7849589628271962 -0.143014249050221
usemtl m_6891a01b-138e-5989-7999-2aa76feccc63
f 116/340/85 119/339/85 117/338/85 114/337/85
f 115/344/86 116/343/86 114/342/86 113/341/86
f 120/348/87 115/347/87 113/346/87 118/345/87
f 119/352/88 120/351/88 118/350/88 117/349/88
f 118/356/89 113/355/89 114/354/89 117/353/89
f 119/360/90 116/359/90 115/358/90 120/357/90
o cube
v 0.11430774520552822 0.24301727667318074 -0.11976414610074793
v 0.08233738795600165 0.31962384561375656 -0.21322178277368442
v 0.19669315641983254 0.1861108735559659 -0.19459265205476922
v 0.16472279917030597 0.2627174424965417 -0.28805028872770566
v -0.006068156419832715 0.23888912644403448 -0.24915734794523103
v 0.025902200829693967 0.16228255750345866 -0.15569971127229465
v 0.0763172547944716 0.18198272332681964 -0.32398585389925233
v 0.10828761204399817 0.10537615438624381 -0.2305282172263159
vt 0.375 0.421875
vt 0.40625 0.421875
vt 0.40625 0.390625
vt 0.375 0.390625
vt 0.34375 0.421875
vt 0.375 0.421875
vt 0.375 0.390625
vt 0.34375 0.390625
vt 0.4375 0.421875
vt 0.46875 0.421875
vt 0.46875 0.390625
vt 0.4375 0.390625
vt 0.40625 0.421875
vt 0.4375 0.421875
vt 0.4375 0.390625
vt 0.40625 0.390625
vt 0.40625 0.421875
vt 0.375 0.421875
vt 0.375 0.453125
vt 0.40625 0.453125
vt 0.4375 0.453125
vt 0.40625 0.453125
vt 0.40625 0.421875
vt 0.4375 0.421875
vn -0.2557628579962117 0.6128525515246037 -0.747661093383488
vn 0.7072443550066753 0.6458777533577769 0.2874845213723737
vn 0.2557628579962117 -0.6128525515246037 0.747661093383488
vn -0.7072443550066753 -0.6458777533577769 -0.2874845213723737
vn -0.6590832897144348 0.4552512249377192 0.5986280476321709
vn 0.6590832897144348 -0.4552512249377192 -0.5986280476321709
usemtl m_6891a01b-138e-5989-7999-2aa76feccc63
f 124/364/91 127/363/91 125/362/91 122/361/91
f 123/368/92 124/367/92 122/366/92 121/365/92
f 128/372/93 123/371/93 121/370/93 126/369/93
f 127/376/94 128/375/94 126/374/94 125/373/94
f 126/380/95 121/379/95 122/378/95 125/377/95
f 127/384/96 124/383/96 123/382/96 128/381/96
o cube
v -0.08150404500508929 0.2743535988359592 0.30782628774126675
v -0.10284587542568863 0.33796654074819377 0.20236103329427313
v 0.015580199076779211 0.21717628465575212 0.2536930789486038
v -0.005761631343820184 0.28078922656798677 0.14822782450161032
v -0.17863621666618273 0.24681201061168034 0.16271666660440287
v -0.15729438624558345 0.1831990686994457 0.2681819210513964
v -0.08155197258431429 0.18963469643147324 0.10858345781173995
v -0.06021014216371501 0.12602175451923858 0.21404871225873356
vt 0.53125 0.703125
vt 0.5625 0.703125
vt 0.5625 0.671875
vt 0.53125 0.671875
vt 0.5 0.703125
vt 0.53125 0.703125
vt 0.53125 0.671875
vt 0.5 0.671875
vt 0.59375 0.703125
vt 0.625 0.703125
vt 0.625 0.671875
vt 0.59375 0.671875
vt 0.5625 0.703125
vt 0.59375 0.703125
vt 0.59375 0.671875
vt 0.5625 0.671875
vt 0.5625 0.703125
vt 0.53125 0.703125
vt 0.53125 0.734375
vt 0.5625 0.734375
vt 0.59375 0.734375
vt 0.5625 0.734375
vt 0.5625 0.703125
vt 0.59375 0.703125
vn -0.17073464336479435 0.5089035352978761 -0.8437220355759472
vn 0.6063227299239531 0.7292362410921083 0.317154933518963
vn 0.17073464336479435 -0.5089035352978761 0.8437220355759472
vn -0.6063227299239531 -0.7292362410921083 -0.317154933518963
vn -0.7766739526549488 0.45741851344165774 0.4330656703413034
vn 0.7766739526549488 -0.45741851344165774 -0.4330656703413034
usemtl m_6891a01b-138e-5989-7999-2aa76feccc63
f 132/388/97 135/387/97 133/386/97 130/385/97
f 131/392/98 132/391/98 130/390/98 129/389/98
f 136/396/99 131/395/99 129/394/99 134/393/99
f 135/400/100 136/399/100 134/398/100 133/397/100
f 134/404/101 129/403/101 130/402/101 133/401/101
f 135/408/102 132/407/102 131/406/102 136/405/102
o cube
v -0.010339964087945352 0.2697738004657906 0.169198147881507
v -0.055805534099697796 0.3732897777409102 0.11588469374201815
v 0.021306145721507908 0.2256800630825504 0.05659590075692322
v -0.02415942429024459 0.32919604035767003 0.003282446617434376
v -0.1678609029020648 0.3188362675477667 0.10571564510358811
v -0.12239533289031224 0.2153202902726472 0.15902909924307684
v -0.13621479309261153 0.27474253016452654 -0.00688660202099578
v -0.09074922308085903 0.1712265528894069 0.04642685211849307
vt 0.53125 0.765625
vt 0.5625 0.765625
vt 0.5625 0.734375
vt 0.53125 0.734375
vt 0.5 0.765625
vt 0.53125 0.765625
vt 0.53125 0.734375
vt 0.5 0.734375
vt 0.59375 0.765625
vt 0.625 0.765625
vt 0.625 0.734375
vt 0.59375 0.734375
vt 0.5625 0.765625
vt 0.59375 0.765625
vt 0.59375 0.734375
vt 0.5625 0.734375
vt 0.5625 0.765625
vt 0.53125 0.765625
vt 0.53125 0.796875
vt 0.5625 0.796875
vt 0.59375 0.796875
vt 0.5625 0.796875
vt 0.5625 0.765625
vt 0.59375 0.765625
vn -0.3637245600940198 0.8281278182009562 -0.42650763311591045
vn 0.8964429504189352 0.43562808154514804 0.08135238910744096
vn 0.3637245600940198 -0.8281278182009562 0.42650763311591045
vn -0.8964429504189352 -0.43562808154514804 -0.08135238910744096
vn -0.25316887847562625 0.3527498990659219 0.9008179769966713
vn 0.25316887847562625 -0.3527498990659219 -0.9008179769966713
usemtl m_6891a01b-138e-5989-7999-2aa76feccc63
f 140/412/103 143/411/103 141/410/103 138/409/103
f 139/416/104 140/415/104 138/414/104 137/413/104
f 144/420/105 139/419/105 137/418/105 142/417/105
f 143/424/106 144/423/106 142/422/106 141/421/106
f 142/428/107 137/427/107 138/426/107 141/425/107
f 143/432/108 140/431/108 139/430/108 144/429/108
o cube
v -0.07675445364521549 0.2906040351136425 0.038367977222431904
v -0.092153085877831 0.3578340800677582 -0.06588173827277821
v 0.023497121179453684 0.23547937015101006 -0.011989674211400347
v 0.008098488946838178 0.3027094151051257 -0.11623938970661041
v -0.1652113083482583 0.26802098320418755 -0.11301032578859949
v -0.1498126761156428 0.20079093825007188 -0.008760610293389481
v -0.06495973352358914 0.21289631824155508 -0.16336797722243168
v -0.04956110129097363 0.14566627328743942 -0.05911826172722168
vt 0.03125 0.515625
vt 0.0625 0.515625
vt 0.0625 0.484375
vt 0.03125 0.484375
vt 0 0.515625
vt 0.03125 0.515625
vt 0.03125 0.484375
vt 0 0.484375
vt 0.09375 0.515625
vt 0.125 0.515625
vt 0.125 0.484375
vt 0.09375 0.484375
vt 0.0625 0.515625
vt 0.09375 0.515625
vt 0.09375 0.484375
vt 0.0625 0.484375
vt 0.0625 0.515625
vt 0.03125 0.515625
vt 0.03125 0.546875
vt 0.0625 0.546875
vt 0.09375 0.546875
vt 0.0625 0.546875
vt 0.0625 0.515625
vt 0.09375 0.515625
vn -0.1231890578609239 0.5378403596329254 -0.8339977239616805
vn 0.5844657797634187 0.7185047749085649 0.3770287001265708
vn 0.1231890578609239 -0.5378403596329254 0.8339977239616805
vn -0.5844657797634187 -0.7185047749085649 -0.3770287001265708
vn -0.8020125985973517 0.44099731970105893 0.4028612114706567
vn 0.8020125985973517 -0.44099731970105893 -0.4028612114706567
usemtl m_6891a01b-138e-5989-7999-2aa76feccc63
f 148/436/109 151/435/109 149/434/109 146/433/109
f 147/440/110 148/439/110 146/438/110 145/437/110
f 152/444/111 147/443/111 145/442/111 150/441/111
f 151/448/112 152/447/112 150/446/112 149/445/112
f 150/452/113 145/451/113 146/450/113 149/449/113
f 151/456/114 148/455/114 147/454/114 152/453/114
o cube
v -0.04251367106999626 0.21312639408112288 -0.09829716074705452
v -0.10810932324536604 0.299873896046399 -0.15991762259595976
v 0.044439384935760606 0.21510366397036063 -0.18807609176678092
v -0.021156267239609117 0.30185116593563677 -0.24969655361568616
v -0.16943938493576072 0.20989633602963953 -0.22129890823321918
v -0.10384373276039094 0.12314883406436339 -0.15967844638431394
v -0.0824863289300038 0.21187360591887727 -0.3110778392529455
v -0.016890676754634015 0.12512610395360113 -0.24945737740404034
vt 0.03125 0.578125
vt 0.0625 0.578125
vt 0.0625 0.546875
vt 0.03125 0.546875
vt 0 0.578125
vt 0.03125 0.578125
vt 0.03125 0.546875
vt 0 0.546875
vt 0.09375 0.578125
vt 0.125 0.578125
vt 0.125 0.546875
vt 0.09375 0.546875
vt 0.0625 0.578125
vt 0.09375 0.578125
vt 0.09375 0.546875
vt 0.0625 0.546875
vt 0.0625 0.578125
vt 0.03125 0.578125
vt 0.03125 0.609375
vt 0.0625 0.609375
vt 0.09375 0.609375
vt 0.0625 0.609375
vt 0.0625 0.578125
vt 0.09375 0.578125
vn -0.524765217402957 0.6939800157222077 -0.4929636947912409
vn 0.4906404935231573 0.719820480134076 0.4910502850980752
vn 0.524765217402957 -0.6939800157222077 0.4929636947912409
vn -0.4906404935231573 -0.719820480134076 -0.4910502850980752
vn -0.6956244480460559 -0.015818159113901973 0.7182314481578118
vn 0.6956244480460559 0.015818159113901973 -0.7182314481578118
usemtl m_6891a01b-138e-5989-7999-2aa76feccc63
f 156/460/115 159/459/115 157/458/115 154/457/115
f 155/464/116 156/463/116 154/462/116 153/461/116
f 160/468/117 155/467/117 153/466/117 158/465/117
f 159/472/118 160/471/118 158/470/118 157/469/118
f 158/476/119 153/475/119 154/474/119 157/473/119
f 159/480/120 156/479/120 155/478/120 160/477/120
o cube
v -0.17736966290839595 0.2879570630011643 0.21620652530923767
v -0.16404575925977727 0.22477344683161427 0.10917707030127599
v -0.12188089831639226 0.1946616537022835 0.2781901006159868
v -0.10855699466777352 0.13147803753273335 0.17116064560802513
v -0.2752593852037932 0.170655083483364 0.12728044437605168
v -0.28858328885241197 0.23383869965291404 0.23430989938401325
v -0.21977062061178954 0.0773596741844832 0.18926401968280082
v -0.23309452426040822 0.14054329035403323 0.2962934746907624
vt 0.03125 0.640625
vt 0.0625 0.640625
vt 0.0625 0.609375
vt 0.03125 0.609375
vt 0 0.640625
vt 0.03125 0.640625
vt 0.03125 0.609375
vt 0 0.609375
vt 0.09375 0.640625
vt 0.125 0.640625
vt 0.125 0.609375
vt 0.09375 0.609375
vt 0.0625 0.640625
vt 0.09375 0.640625
vt 0.09375 0.609375
vt 0.0625 0.609375
vt 0.0625 0.640625
vt 0.03125 0.640625
vt 0.03125 0.671875
vt 0.0625 0.671875
vt 0.09375 0.671875
vt 0.0625 0.671875
vt 0.0625 0.640625
vt 0.09375 0.640625
vn 0.10659122918894995 -0.5054689293564009 -0.8562356400636933
vn 0.8897090075521279 0.4329469067860019 -0.14482699259820503
vn -0.10659122918894995 0.5054689293564009 0.8562356400636933
vn -0.8897090075521279 -0.4329469067860019 0.14482699259820503
vn -0.44391011673603076 0.746363274391048 -0.49586860245399395
vn 0.44391011673603076 -0.746363274391048 0.49586860245399395
usemtl m_6891a01b-138e-5989-7999-2aa76feccc63
f 164/484/121 167/483/121 165/482/121 162/481/121
f 163/488/122 164/487/122 162/486/122 161/485/122
f 168/492/123 163/491/123 161/490/123 166/489/123
f 167/496/124 168/495/124 166/494/124 165/493/124
f 166/500/125 161/499/125 162/498/125 165/497/125
f 167/504/126 164/503/126 163/502/126 168/501/126
o cube
v -0.17390205119663332 0.24787152915447686 0.13332499624560146
v -0.16151840118679117 0.2524733428437995 0.009025082636610948
v -0.168542584862315 0.12305337289954055 0.12923794477423578
v -0.1561589348524729 0.12765518658886332 0.004938031165245271
v -0.2857879522966475 0.24754879414497988 -0.003537858383226289
v -0.29817160230648965 0.2429469804556572 0.12076205522576422
v -0.2804284859623292 0.12273063789004357 -0.007624909854591966
v -0.2928121359721714 0.1181288242007209 0.11667500375439843
vt 0.03125 0.703125
vt 0.0625 0.703125
vt 0.0625 0.671875
vt 0.03125 0.671875
vt 0 0.703125
vt 0.03125 0.703125
vt 0.03125 0.671875
vt 0 0.671875
vt 0.09375 0.703125
vt 0.125 0.703125
vt 0.125 0.671875
vt 0.09375 0.671875
vt 0.0625 0.703125
vt 0.09375 0.703125
vt 0.09375 0.671875
vt 0.0625 0.671875
vt 0.0625 0.703125
vt 0.03125 0.703125
vt 0.03125 0.734375
vt 0.0625 0.734375
vt 0.09375 0.734375
vt 0.0625 0.734375
vt 0.0625 0.703125
vt 0.09375 0.703125
vn 0.09906920007873724 0.03681450951458132 -0.994399308871924
vn 0.9941564088788459 0.03939638959055712 0.10050352815869776
vn -0.09906920007873724 -0.03681450951458132 0.994399308871924
vn -0.9941564088788459 -0.03939638959055712 -0.10050352815869776
vn -0.04287573067454642 0.9985452500394912 0.032696411770925485
vn 0.04287573067454642 -0.9985452500394912 -0.032696411770925485
usemtl m_6891a01b-138e-5989-7999-2aa76feccc63
f 172/508/127 175/507/127 173/506/127 170/505/127
f 171/512/128 172/511/128 170/510/128 169/509/128
f 176/516/129 171/515/129 169/514/129 174/513/129
f 175/520/130 176/519/130 174/518/130 173/517/130
f 174/524/131 169/523/131 170/522/131 173/521/131
f 175/528/132 172/527/132 171/526/132 176/525/132
o cube
v -0.2002874279943081 0.30811982927959614 -0.04838638307455195
v -0.18000801221422913 0.2460887065403976 -0.1549972882734723
v -0.1410293499080646 0.21826295071521684 0.015168487361875038
v -0.12074993412798563 0.15623182797601842 -0.09144241783704532
v -0.28818483726073985 0.18523740263998079 -0.14016848736187493
v -0.3084642530408188 0.2472685253791792 -0.03355758216295457
v -0.22892675917449634 0.09538052407560149 -0.07661361692544799
v -0.2492061749545753 0.1574116468147999 0.029997288273472367
vt 0.03125 0.765625
vt 0.0625 0.765625
vt 0.0625 0.734375
vt 0.03125 0.734375
vt 0 0.765625
vt 0.03125 0.765625
vt 0.03125 0.734375
vt 0 0.734375
vt 0.09375 0.765625
vt 0.125 0.765625
vt 0.125 0.734375
vt 0.09375 0.734375
vt 0.0625 0.765625
vt 0.09375 0.765625
vt 0.09375 0.734375
vt 0.0625 0.734375
vt 0.0625 0.765625
vt 0.03125 0.765625
vt 0.03125 0.796875
vt 0.0625 0.796875
vt 0.09375 0.796875
vt 0.0625 0.796875
vt 0.0625 0.765625
vt 0.09375 0.765625
vn 0.16223532624063172 -0.4962489819135876 -0.852887241591363
vn 0.865414600372084 0.4868104312033338 -0.11863040729277874
vn -0.16223532624063172 0.4962489819135876 0.852887241591363
vn -0.865414600372084 -0.4868104312033338 0.11863040729277874
vn -0.4740646246899489 0.7188550285150352 -0.5084389634914163
vn 0.4740646246899489 -0.7188550285150352 0.5084389634914163
usemtl m_6891a01b-138e-5989-7999-2aa76feccc63
f 180/532/133 183/531/133 181/530/133 178/529/133
f 179/536/134 180/535/134 178/534/134 177/533/134
f 184/540/135 179/539/135 177/538/135 182/537/135
f 183/544/136 184/543/136 182/542/136 181/541/136
f 182/548/137 177/547/137 178/546/137 181/545/137
f 183/552/138 180/551/138 179/550/138 184/549/138
o cube
v -0.16362813437766344 0.30250553987115403 -0.14249154284376586
v -0.17706188455670357 0.2976809874848181 -0.26667390089191484
v -0.08733594399536815 0.2035861115566041 -0.1469015755640758
v -0.10076969417440829 0.19876155917026828 -0.27108393361222477
v -0.2751640560046319 0.22141388844339593 -0.25309842443592423
v -0.2617303058255917 0.22623844082973177 -0.12891606638777525
v -0.19887186562233655 0.12249446012884602 -0.25750845715623416
v -0.18543811544329636 0.12731901251518196 -0.13332609910808524
vt 0.09375 0.890625
vt 0.125 0.890625
vt 0.125 0.859375
vt 0.09375 0.859375
vt 0.0625 0.890625
vt 0.09375 0.890625
vt 0.09375 0.859375
vt 0.0625 0.859375
vt 0.15625 0.890625
vt 0.1875 0.890625
vt 0.1875 0.859375
vt 0.15625 0.859375
vt 0.125 0.890625
vt 0.15625 0.890625
vt 0.15625 0.859375
vt 0.125 0.859375
vt 0.125 0.890625
vt 0.09375 0.890625
vt 0.09375 0.921875
vt 0.125 0.921875
vt 0.15625 0.921875
vt 0.125 0.921875
vt 0.125 0.890625
vt 0.15625 0.890625
vn -0.10747000143232113 -0.03859641909068687 -0.9934588643851909
vn 0.7848173715834271 0.6101367923313781 -0.1086038116479249
vn 0.10747000143232113 0.03859641909068687 0.9934588643851909
vn -0.7848173715834271 -0.6101367923313781 0.1086038116479249
vn -0.6103375230583631 0.7913554265163998 0.03528026176247975
vn 0.6103375230583631 -0.7913554265163998 -0.03528026176247975
usemtl m_6891a01b-138e-5989-7999-2aa76feccc63
f 188/556/139 191/555/139 189/554/139 186/553/139
f 187/560/140 188/559/140 186/558/140 185/557/140
f 192/564/141 187/563/141 185/562/141 190/561/141
f 191/568/142 192/567/142 190/566/142 189/565/142
f 190/572/143 185/571/143 186/570/143 189/569/143
f 191/576/144 188/575/144 187/574/144 192/573/144
o cube
v -0.2559292940966803 0.41771707095523625 -0.4197011739885367
v -0.2737743423127985 0.36857434283561685 -0.45394729095273545
v -0.13131754310374272 0.18615749303184626 -0.15234920862000678
v -0.14916259131986098 0.13701476491222686 -0.1865953255842055
v -0.3861392561053131 0.37125935677192423 -0.39924887371272194
v -0.36829420788919487 0.42040208489154374 -0.3650027567485232
v -0.26152750511237555 0.13969977884853435 -0.131896908344192
v -0.24368245689625728 0.18884250696815374 -0.09765079137999322
vt 0.015625 0.984375
vt 0.046875 0.984375
vt 0.046875 0.890625
vt 0.015625 0.890625
vt 0 0.984375
vt 0.015625 0.984375
vt 0.015625 0.890625
vt 0 0.890625
vt 0.0625 0.984375
vt 0.09375 0.984375
vt 0.09375 0.890625
vt 0.0625 0.890625
vt 0.046875 0.984375
vt 0.0625 0.984375
vt 0.0625 0.890625
vt 0.046875 0.890625
vt 0.046875 0.984375
vt 0.015625 0.984375
vt 0.015625 1
vt 0.046875 1
vt 0.078125 1
vt 0.046875 1
vt 0.046875 0.984375
vt 0.078125 0.984375
vn -0.2855207714578919 -0.7862836499139106 -0.54793787142718
vn 0.8989193103401165 -0.021480111490459503 -0.437587337920108
vn 0.2855207714578919 0.7862836499139106 0.54793787142718
vn -0.8989193103401165 0.021480111490459503 0.437587337920108
vn -0.3322980026478335 0.6174922077957066 -0.7129385743160798
vn 0.3322980026478335 -0.6174922077957066 0.7129385743160798
usemtl m_6891a01b-138e-5989-7999-2aa76feccc63
f 196/580/145 199/579/145 197/578/145 194/577/145
f 195/584/146 196/583/146 194/582/146 193/581/146
f 200/588/147 195/587/147 193/586/147 198/585/147
f 199/592/148 200/591/148 198/590/148 197/589/148
f 198/596/149 193/595/149 194/594/149 197/593/149
f 199/600/150 196/599/150 195/598/150 200/597/150