# Made in Blockbench 4.6.4
mtllib flower_salad.mtl

o cube
v 0.25 0.0625 0.25
v 0.25 0.0625 -0.25
v 0.25 0 0.25
v 0.25 0 -0.25
v -0.25 0.0625 -0.25
v -0.25 0.0625 0.25
v -0.25 0 -0.25
v -0.25 0 0.25
vt 0.125 0.875
vt 0.25 0.875
vt 0.25 0.859375
vt 0.125 0.859375
vt 0 0.875
vt 0.125 0.875
vt 0.125 0.859375
vt 0 0.859375
vt 0.375 0.875
vt 0.5 0.875
vt 0.5 0.859375
vt 0.375 0.859375
vt 0.25 0.875
vt 0.375 0.875
vt 0.375 0.859375
vt 0.25 0.859375
vt 0.25 0.875
vt 0.125 0.875
vt 0.125 1
vt 0.25 1
vt 0.375 1
vt 0.25 1
vt 0.25 0.875
vt 0.375 0.875
vn 0 0 -1
vn 1 0 0
vn 0 0 1
vn -1 0 0
vn 0 1 0
vn 0 -1 0
usemtl m_961f5983-e754-3235-20ca-a413817ca39b
f 4/4/1 7/3/1 5/2/1 2/1/1
f 3/8/2 4/7/2 2/6/2 1/5/2
f 8/12/3 3/11/3 1/10/3 6/9/3
f 7/16/4 8/15/4 6/14/4 5/13/4
f 6/20/5 1/19/5 2/18/5 5/17/5
f 7/24/6 4/23/6 3/22/6 8/21/6
o cube
v 0.3125 0.14787658773652734 0.38112976320958225
v 0.3125 0.054126587736527454 0.21875
v 0.3125 0.09375 0.41237976320958225
v 0.3125 0 0.25
v -0.3125 0.054126587736527454 0.21875
v -0.3125 0.14787658773652734 0.38112976320958225
v -0.3125 0 0.25
v -0.3125 0.09375 0.41237976320958225
vt 0.40625 0.609375
vt 0.5625 0.609375
vt 0.5625 0.59375
vt 0.40625 0.59375
vt 0.359375 0.609375
vt 0.40625 0.609375
vt 0.40625 0.59375
vt 0.359375 0.59375
vt 0.609375 0.609375
vt 0.765625 0.609375
vt 0.765625 0.59375
vt 0.609375 0.59375
vt 0.5625 0.609375
vt 0.609375 0.609375
vt 0.609375 0.59375
vt 0.5625 0.59375
vt 0.5625 0.609375
vt 0.40625 0.609375
vt 0.40625 0.65625
vt 0.5625 0.65625
vt 0.71875 0.65625
vt 0.5625 0.65625
vt 0.5625 0.609375
vt 0.71875 0.609375
vn 0 -0.49999999999999994 -0.8660254037844387
vn 1 0 0
vn 0 0.49999999999999994 0.8660254037844387
vn -1 0 0
vn 0 0.8660254037844387 -0.49999999999999994
vn 0 -0.8660254037844387 0.49999999999999994
usemtl m_961f5983-e754-3235-20ca-a413817ca39b
f 12/28/7 15/27/7 13/26/7 10/25/7
f 11/32/8 12/31/8 10/30/8 9/29/8
f 16/36/9 11/35/9 9/34/9 14/33/9
f 15/40/10 16/39/10 14/38/10 13/37/10
f 14/44/11 9/43/11 10/42/11 13/41/11
f 15/48/12 12/47/12 11/46/12 16/45/12
o cube
v 0.3125 0.054126587736527454 -0.21875
v 0.3125 0.14787658773652734 -0.3811297632095822
v 0.3125 0 -0.25
v 0.3125 0.09375 -0.4123797632095822
v -0.3125 0.14787658773652734 -0.3811297632095822
v -0.3125 0.054126587736527454 -0.21875
v -0.3125 0.09375 -0.4123797632095822
v -0.3125 0 -0.25
vt 0.046875 0.625
vt 0.203125 0.625
vt 0.203125 0.609375
vt 0.046875 0.609375
vt 0 0.625
vt 0.046875 0.625
vt 0.046875 0.609375
vt 0 0.609375
vt 0.25 0.625
vt 0.40625 0.625
vt 0.40625 0.609375
vt 0.25 0.609375
vt 0.203125 0.625
vt 0.25 0.625
vt 0.25 0.609375
vt 0.203125 0.609375
vt 0.203125 0.625
vt 0.046875 0.625
vt 0.046875 0.671875
vt 0.203125 0.671875
vt 0.359375 0.671875
vt 0.203125 0.671875
vt 0.203125 0.625
vt 0.359375 0.625
vn 0 0.49999999999999994 -0.8660254037844387
vn 1 0 0
vn 0 -0.49999999999999994 0.8660254037844387
vn -1 0 0
vn 0 0.8660254037844387 0.49999999999999994
vn 0 -0.8660254037844387 -0.49999999999999994
usemtl m_961f5983-e754-3235-20ca-a413817ca39b
f 20/52/13 23/51/13 21/50/13 18/49/13
f 19/56/14 20/55/14 18/54/14 17/53/14
f 24/60/15 19/59/15 17/58/15 22/57/15
f 23/64/16 24/63/16 22/62/16 21/61/16
f 22/68/17 17/67/17 18/66/17 21/65/17
f 23/72/18 20/71/18 19/70/18 24/69/18
o cube
v -0.21875 0.05412658773652734 0.3125
v -0.21875 0.05412658773652734 -0.3125
v -0.25 0 0.3125
v -0.25 0 -0.3125
v -0.38112976320958225 0.14787658773652734 -0.3125
v -0.38112976320958225 0.14787658773652734 0.3125
v -0.41237976320958225 0.09375 -0.3125
v -0.41237976320958225 0.09375 0.3125
vt 0.40625 0.6875
vt 0.453125 0.6875
vt 0.453125 0.671875
vt 0.40625 0.671875
vt 0.25 0.6875
vt 0.40625 0.6875
vt 0.40625 0.671875
vt 0.25 0.671875
vt 0.609375 0.6875
vt 0.65625 0.6875
vt 0.65625 0.671875
vt 0.609375 0.671875
vt 0.453125 0.6875
vt 0.609375 0.6875
vt 0.609375 0.671875
vt 0.453125 0.671875
vt 0.453125 0.6875
vt 0.40625 0.6875
vt 0.40625 0.84375
vt 0.453125 0.84375
vt 0.5 0.84375
vt 0.453125 0.84375
vt 0.453125 0.6875
vt 0.5 0.6875
vn 0 0 -1
vn 0.8660254037844387 -0.49999999999999994 0
vn 0 0 1
vn -0.8660254037844387 0.49999999999999994 0
vn 0.49999999999999994 0.8660254037844387 0
vn -0.49999999999999994 -0.8660254037844387 0
usemtl m_961f5983-e754-3235-20ca-a413817ca39b
f 28/76/19 31/75/19 29/74/19 26/73/19
f 27/80/20 28/79/20 26/78/20 25/77/20
f 32/84/21 27/83/21 25/82/21 30/81/21
f 31/88/22 32/87/22 30/86/22 29/85/22
f 30/92/23 25/91/23 26/90/23 29/89/23
f 31/96/24 28/95/24 27/94/24 32/93/24
o cube
v 0.38112976320958225 0.14787658773652734 0.3125
v 0.38112976320958225 0.14787658773652734 -0.3125
v 0.41237976320958225 0.09375 0.3125
v 0.41237976320958225 0.09375 -0.3125
v 0.21875 0.05412658773652734 -0.3125
v 0.21875 0.05412658773652734 0.3125
v 0.25 0 -0.3125
v 0.25 0 0.3125
vt 0.15625 0.703125
vt 0.203125 0.703125
vt 0.203125 0.6875
vt 0.15625 0.6875
vt 0 0.703125
vt 0.15625 0.703125
vt 0.15625 0.6875
vt 0 0.6875
vt 0.359375 0.703125
vt 0.40625 0.703125
vt 0.40625 0.6875
vt 0.359375 0.6875
vt 0.203125 0.703125
vt 0.359375 0.703125
vt 0.359375 0.6875
vt 0.203125 0.6875
vt 0.203125 0.703125
vt 0.15625 0.703125
vt 0.15625 0.859375
vt 0.203125 0.859375
vt 0.25 0.859375
vt 0.203125 0.859375
vt 0.203125 0.703125
vt 0.25 0.703125
vn 0 0 -1
vn 0.8660254037844387 0.49999999999999994 0
vn 0 0 1
vn -0.8660254037844387 -0.49999999999999994 0
vn -0.49999999999999994 0.8660254037844387 0
vn 0.49999999999999994 -0.8660254037844387 0
usemtl m_961f5983-e754-3235-20ca-a413817ca39b
f 36/100/25 39/99/25 37/98/25 34/97/25
f 35/104/26 36/103/26 34/102/26 33/101/26
f 40/108/27 35/107/27 33/106/27 38/105/27
f 39/112/28 40/111/28 38/110/28 37/109/28
f 38/116/29 33/115/29 34/114/29 37/113/29
f 39/120/30 36/119/30 35/118/30 40/117/30
o cube
v -0.044654130879204335 0.42677669529663687 0.4865958691207962
v -0.044654130879204335 0.42677669529663687 0.4865958691207962
v 0.20534586912079578 0.0732233047033628 0.23659586912079678
v 0.20534586912079578 0.0732233047033628 0.23659586912079678
v -0.4865958691207958 0.4267766952966372 0.044654130879203224
v -0.4865958691207958 0.4267766952966372 0.044654130879203224
v -0.23659586912079567 0.07322330470336313 -0.20534586912079622
v -0.23659586912079567 0.07322330470336313 -0.20534586912079622
vt 0.375 1
vt 0.53125 1
vt 0.53125 0.875
vt 0.375 0.875
vt 0.375 1
vt 0.375 1
vt 0.375 0.875
vt 0.375 0.875
vt 0.53125 1
vt 0.6875 1
vt 0.6875 0.875
vt 0.53125 0.875
vt 0.53125 1
vt 0.53125 1
vt 0.53125 0.875
vt 0.53125 0.875
vt 0.53125 1
vt 0.375 1
vt 0.375 1
vt 0.53125 1
vt 0.6875 1
vt 0.53125 1
vt 0.53125 1
vt 0.6875 1
vn 0.5000000000000016 0.7071067811865469 -0.49999999999999933
vn 0.7071067811865464 -5.551115123125783e-16 0.7071067811865487
vn -0.5000000000000016 -0.7071067811865469 0.49999999999999933
vn -0.7071067811865464 5.551115123125783e-16 -0.7071067811865487
vn -0.5000000000000002 0.7071067811865482 0.499999999999999
vn 0.5000000000000002 -0.7071067811865482 -0.499999999999999
usemtl m_961f5983-e754-3235-20ca-a413817ca39b
f 44/124/31 47/123/31 45/122/31 42/121/31
f 43/128/32 44/127/32 42/126/32 41/125/32
f 48/132/33 43/131/33 41/130/33 46/129/33
f 47/136/34 48/135/34 46/134/34 45/133/34
f 46/140/35 41/139/35 42/138/35 45/137/35
f 47/144/36 44/143/36 43/142/36 48/141/36
o cube
v -0.17693050715328884 0.3626785572969162 0.2868152979746509
v -0.17693050715328884 0.3626785572969162 0.2868152979746509
v 0.03659541233980479 -0.014770977674156804 0.037940770843508664
v 0.03659541233980479 -0.014770977674156804 0.037940770843508664
v -0.34142786493306276 0.590817187862777 -0.2003188052525885
v -0.34142786493306276 0.590817187862777 -0.2003188052525885
v -0.12790194543996913 0.213367652891704 -0.4491933323837307
v -0.12790194543996913 0.213367652891704 -0.4491933323837307
vt 0.28125 0.59375
vt 0.421875 0.59375
vt 0.421875 0.46875
vt 0.28125 0.46875
vt 0.28125 0.59375
vt 0.28125 0.59375
vt 0.28125 0.46875
vt 0.28125 0.46875
vt 0.421875 0.59375
vt 0.5625 0.59375
vt 0.5625 0.46875
vt 0.421875 0.46875
vt 0.421875 0.59375
vt 0.421875 0.59375
vt 0.421875 0.46875
vt 0.421875 0.46875
vt 0.421875 0.59375
vt 0.28125 0.59375
vt 0.28125 0.59375
vt 0.421875 0.59375
vt 0.5625 0.59375
vt 0.421875 0.59375
vt 0.421875 0.59375
vt 0.5625 0.59375
vn 0.8556317672323455 0.5153954113415233 -0.047558898967023144
vn 0.2924397471640426 -0.40557978767264147 0.8660161835150924
vn -0.8556317672323455 -0.5153954113415233 0.047558898967023144
vn -0.2924397471640426 0.40557978767264147 -0.8660161835150924
vn -0.4270518389861874 0.7548990699421462 0.4977490542622845
vn 0.4270518389861874 -0.7548990699421462 -0.4977490542622845
usemtl m_961f5983-e754-3235-20ca-a413817ca39b
f 52/148/37 55/147/37 53/146/37 50/145/37
f 51/152/38 52/151/38 50/150/38 49/149/38
f 56/156/39 51/155/39 49/154/39 54/153/39
f 55/160/40 56/159/40 54/158/40 53/157/40
f 54/164/41 49/163/41 50/162/41 53/161/41
f 55/168/42 52/167/42 51/166/42 56/165/42
o cube
v 0.20181393688378924 0.5871978247518272 0.345666630603954
v 0.20181393688378924 0.5871978247518272 0.345666630603954
v 0.4469492741430332 0.197748322691357 0.15012187416275347
v 0.4469492741430332 0.197748322691357 0.15012187416275347
v -0.2847584713863276 0.3734882141694391 0.16132525202892345
v -0.2847584713863276 0.3734882141694391 0.16132525202892345
v -0.039623134127083626 -0.01596128789103124 -0.03421950441227717
v -0.039623134127083626 -0.01596128789103124 -0.03421950441227717
vt 0 0.609375
vt 0.140625 0.609375
vt 0.140625 0.484375
vt 0 0.484375
vt 0 0.609375
vt 0 0.609375
vt 0 0.484375
vt 0 0.484375
vt 0.140625 0.609375
vt 0.28125 0.609375
vt 0.28125 0.484375
vt 0.140625 0.484375
vt 0.140625 0.609375
vt 0.140625 0.609375
vt 0.140625 0.484375
vt 0.140625 0.484375
vt 0.140625 0.609375
vt 0 0.609375
vt 0 0.609375
vt 0.140625 0.609375
vt 0.28125 0.609375
vt 0.140625 0.609375
vt 0.140625 0.609375
vt 0.28125 0.609375
vn 0.10667329544785559 0.4989698455964888 -0.8600290118500136
vn 0.86501761470243 0.37992819659091237 0.32771800635560994
vn -0.10667329544785559 -0.4989698455964888 0.8600290118500136
vn -0.86501761470243 -0.37992819659091237 -0.32771800635560994
vn -0.4902706745184878 0.7788990041209408 0.3910895128824012
vn 0.4902706745184878 -0.7788990041209408 -0.3910895128824012
usemtl m_961f5983-e754-3235-20ca-a413817ca39b
f 60/172/43 63/171/43 61/170/43 58/169/43
f 59/176/44 60/175/44 58/174/44 57/173/44
f 64/180/45 59/179/45 57/178/45 62/177/45
f 63/184/46 64/183/46 62/182/46 61/181/46
f 62/188/47 57/187/47 58/186/47 61/185/47
f 63/192/48 60/191/48 59/190/48 64/189/48
o cube
v -0.35937500000000033 0.29419417382415947 0.35937499999999956
v -0.265625 0.426776695296637 0.2656249999999998
v -0.17187500000000028 0.02902913087920389 0.171875
v -0.078125 0.1616116523516815 0.07812500000000011
v -0.265625 0.426776695296637 0.2656249999999998
v -0.35937500000000033 0.29419417382415947 0.35937499999999956
v -0.078125 0.1616116523516815 0.07812500000000011
v -0.17187500000000028 0.02902913087920389 0.171875
vt 0.046875 0.859375
vt 0.046875 0.859375
vt 0.046875 0.765625
vt 0.046875 0.765625
vt 0 0.859375
vt 0.046875 0.859375
vt 0.046875 0.765625
vt 0 0.765625
vt 0.09375 0.859375
vt 0.09375 0.859375
vt 0.09375 0.765625
vt 0.09375 0.765625
vt 0.046875 0.859375
vt 0.09375 0.859375
vt 0.09375 0.765625
vt 0.046875 0.765625
vt 0.046875 0.859375
vt 0.046875 0.859375
vt 0.046875 0.90625
vt 0.046875 0.90625
vt 0.046875 0.90625
vt 0.046875 0.90625
vt 0.046875 0.859375
vt 0.046875 0.859375
vn 0.5000000000000016 0.7071067811865469 -0.49999999999999933
vn 0.7071067811865464 -5.551115123125783e-16 0.7071067811865487
vn -0.5000000000000016 -0.7071067811865469 0.49999999999999933
vn -0.7071067811865464 5.551115123125783e-16 -0.7071067811865487
vn -0.5000000000000002 0.7071067811865482 0.499999999999999
vn 0.5000000000000002 -0.7071067811865482 -0.499999999999999
usemtl m_961f5983-e754-3235-20ca-a413817ca39b
f 68/196/49 71/195/49 69/194/49 66/193/49
f 67/200/50 68/199/50 66/198/50 65/197/50
f 72/204/51 67/203/51 65/202/51 70/201/51
f 71/208/52 72/207/52 70/206/52 69/205/52
f 70/212/53 65/211/53 66/210/53 69/209/53
f 71/216/54 68/215/54 67/214/54 72/213/54
o cube
v 0.172551722789418 0.4759688460756395 0.22798351599545041
v 0.172551722789418 0.4759688460756395 0.22798351599545041
v 0.391301722789418 0.16660962930652445 0.00923351599545097
v 0.391301722789418 0.16660962930652445 0.00923351599545097
v -0.25353103367365076 0.32655072671058094 0.013209890402729352
v -0.25353103367365076 0.32655072671058094 0.013209890402729352
v -0.034781033673650874 0.0171915099414659 -0.2055401095972701
v -0.034781033673650874 0.0171915099414659 -0.2055401095972701
vt 0 0.484375
vt 0.125 0.484375
vt 0.125 0.375
vt 0 0.375
vt 0 0.484375
vt 0 0.484375
vt 0 0.375
vt 0 0.375
vt 0.125 0.484375
vt 0.25 0.484375
vt 0.25 0.375
vt 0.125 0.375
vt 0.125 0.484375
vt 0.125 0.484375
vt 0.125 0.375
vt 0.125 0.375
vt 0.125 0.484375
vt 0 0.484375
vt 0 0.484375
vt 0.125 0.484375
vt 0.25 0.484375
vt 0.125 0.484375
vt 0.125 0.484375
vt 0.25 0.484375
vn 0.15431765478820955 0.6408563820557888 -0.7519901322484439
vn 0.8521655129261377 0.2988362387301171 0.429547251185442
vn -0.15431765478820955 -0.6408563820557888 0.7519901322484439
vn -0.8521655129261377 -0.2988362387301171 -0.429547251185442
vn -0.4999999999999998 0.7071067811865486 0.49999999999999883
vn 0.4999999999999998 -0.7071067811865486 -0.49999999999999883
usemtl m_961f5983-e754-3235-20ca-a413817ca39b
f 76/220/55 79/219/55 77/218/55 74/217/55
f 75/224/56 76/223/56 74/222/56 73/221/56
f 80/228/57 75/227/57 73/226/57 78/225/57
f 79/232/58 80/231/58 78/230/58 77/229/58
f 78/236/59 73/235/59 74/234/59 77/233/59
f 79/240/60 76/239/60 75/238/60 80/237/60
o cube
v -0.0194367996546132 0.3213627260433565 0.2546410653269564
v -0.0194367996546132 0.3213627260433565 0.2546410653269564
v 0.1993132003453868 0.012003509274241875 0.035891065326956406
v 0.1993132003453868 0.012003509274241875 0.035891065326956406
v -0.21760533390897796 0.4846155138543462 -0.17440177554492742
v -0.21760533390897796 0.4846155138543462 -0.17440177554492742
v 0.0011446660910220396 0.1752562970852316 -0.3931517755449274
v 0.0011446660910220396 0.1752562970852316 -0.3931517755449274
vt 0.5 0.875
vt 0.625 0.875
vt 0.625 0.765625
vt 0.5 0.765625
vt 0.5 0.875
vt 0.5 0.875
vt 0.5 0.765625
vt 0.5 0.765625
vt 0.625 0.875
vt 0.75 0.875
vt 0.75 0.765625
vt 0.625 0.765625
vt 0.625 0.875
vt 0.625 0.875
vt 0.625 0.765625
vt 0.625 0.765625
vt 0.625 0.875
vt 0.5 0.875
vt 0.5 0.875
vt 0.625 0.875
vt 0.75 0.875
vt 0.625 0.875
vt 0.625 0.875
vt 0.75 0.875
vn 0.7700109922110896 0.6272113751262485 -0.1169998409671302
vn 0.3963370685087297 -0.32650557562197957 0.8580856817437676
vn -0.7700109922110896 -0.6272113751262485 0.1169998409671302
vn -0.3963370685087297 0.32650557562197957 -0.8580856817437676
vn -0.5000000000000001 0.7071067811865478 0.4999999999999998
vn 0.5000000000000001 -0.7071067811865478 -0.4999999999999998
usemtl m_961f5983-e754-3235-20ca-a413817ca39b
f 84/244/61 87/243/61 85/242/61 82/241/61
f 83/248/62 84/247/62 82/246/62 81/245/62
f 88/252/63 83/251/63 81/250/63 86/249/63
f 87/256/64 88/255/64 86/254/64 85/253/64
f 86/260/65 81/259/65 82/258/65 85/257/65
f 87/264/66 84/263/66 83/262/66 88/261/66
o cube
v 0.16182233917648647 0.22705495174226287 0.1469087209464507
v 0.16182233917648647 0.22705495174226287 0.1469087209464507
v 0.42070191183143235 0.14589009651547402 -0.11197085170849441
v 0.42070191183143235 0.14589009651547402 -0.11197085170849441
v -0.14753687759262757 0.2270549517422631 -0.1624504958226644
v -0.14753687759262757 0.2270549517422631 -0.1624504958226644
v 0.11134269506231831 0.14589009651547413 -0.4213300684776095
v 0.11134269506231831 0.14589009651547413 -0.4213300684776095
vt 0.25 0.46875
vt 0.359375 0.46875
vt 0.359375 0.375
vt 0.25 0.375
vt 0.25 0.46875
vt 0.25 0.46875
vt 0.25 0.375
vt 0.25 0.375
vt 0.359375 0.46875
vt 0.46875 0.46875
vt 0.46875 0.375
vt 0.359375 0.375
vt 0.359375 0.46875
vt 0.359375 0.46875
vt 0.359375 0.375
vt 0.359375 0.375
vt 0.359375 0.46875
vt 0.25 0.46875
vt 0.25 0.46875
vt 0.359375 0.46875
vt 0.46875 0.46875
vt 0.359375 0.46875
vt 0.359375 0.46875
vt 0.46875 0.46875
vn 0.15304591873303203 0.9762960071199334 -0.15304591873303092
vn 0.7071067811865464 -5.273559366969493e-16 0.7071067811865487
vn -0.15304591873303203 -0.9762960071199334 0.15304591873303092
vn -0.7071067811865464 5.273559366969493e-16 -0.7071067811865487
vn -0.6903455270798557 0.2164396139381036 0.6903455270798535
vn 0.6903455270798557 -0.2164396139381036 -0.6903455270798535
usemtl m_961f5983-e754-3235-20ca-a413817ca39b
f 92/268/67 95/267/67 93/266/67 90/265/67
f 91/272/68 92/271/68 90/270/68 89/269/68
f 96/276/69 91/275/69 89/274/69 94/273/69
f 95/280/70 96/279/70 94/278/70 93/277/70
f 94/284/71 89/283/71 90/282/71 93/281/71
f 95/288/72 92/287/72 91/286/72 96/285/72