# Made in Blockbench 4.6.4
mtllib bone_soup.mtl

o cube
v -0.19225752921804462 0.02391771452281799 0.25
v -0.19225752921804462 0.02391771452281799 -0.25
v -0.25 -5.551115123125783e-17 0.25
v -0.25 -5.551115123125783e-17 -0.25
v -0.3118461018321352 0.3126300684325951 -0.25
v -0.3118461018321352 0.3126300684325951 0.25
v -0.36958857261409056 0.288712353909777 -0.25
v -0.36958857261409056 0.288712353909777 0.25
vt 0.40625 0.5625
vt 0.484375 0.5625
vt 0.484375 0.546875
vt 0.40625 0.546875
vt 0.28125 0.5625
vt 0.40625 0.5625
vt 0.40625 0.546875
vt 0.28125 0.546875
vt 0.609375 0.5625
vt 0.6875 0.5625
vt 0.6875 0.546875
vt 0.609375 0.546875
vt 0.484375 0.5625
vt 0.609375 0.5625
vt 0.609375 0.546875
vt 0.484375 0.546875
vt 0.484375 0.5625
vt 0.40625 0.5625
vt 0.40625 0.6875
vt 0.484375 0.6875
vt 0.5625 0.6875
vt 0.484375 0.6875
vt 0.484375 0.5625
vt 0.5625 0.5625
vn 0 0 -1
vn 0.38268343236508984 -0.9238795325112866 0
vn 0 0 1
vn -0.38268343236508984 0.9238795325112866 0
vn 0.9238795325112866 0.38268343236508984 0
vn -0.9238795325112866 -0.38268343236508984 0
usemtl m_483af306-a7dc-7de1-5480-6c300712da85
f 4/4/1 7/3/1 5/2/1 2/1/1
f 3/8/2 4/7/2 2/6/2 1/5/2
f 8/12/3 3/11/3 1/10/3 6/9/3
f 7/16/4 8/15/4 6/14/4 5/13/4
f 6/20/5 1/19/5 2/18/5 5/17/5
f 7/24/6 4/23/6 3/22/6 8/21/6
o cube
v 0.2499999999999999 -5.551115123125783e-17 0.25
v 0.2499999999999999 -5.551115123125783e-17 -0.25
v 0.1922575292180445 0.0239177145228181 0.25
v 0.1922575292180445 0.0239177145228181 -0.25
v 0.3695885726140905 0.2887123539097771 -0.25
v 0.3695885726140905 0.2887123539097771 0.25
v 0.311846101832135 0.3126300684325952 -0.25
v 0.311846101832135 0.3126300684325952 0.25
vt 0.125 0.578125
vt 0.203125 0.578125
vt 0.203125 0.5625
vt 0.125 0.5625
vt 0 0.578125
vt 0.125 0.578125
vt 0.125 0.5625
vt 0 0.5625
vt 0.328125 0.578125
vt 0.40625 0.578125
vt 0.40625 0.5625
vt 0.328125 0.5625
vt 0.203125 0.578125
vt 0.328125 0.578125
vt 0.328125 0.5625
vt 0.203125 0.5625
vt 0.203125 0.578125
vt 0.125 0.578125
vt 0.125 0.703125
vt 0.203125 0.703125
vt 0.28125 0.703125
vt 0.203125 0.703125
vt 0.203125 0.578125
vt 0.28125 0.578125
vn 0 0 -1
vn -0.38268343236508984 -0.9238795325112868 0
vn 0 0 1
vn 0.38268343236508984 0.9238795325112868 0
vn 0.9238795325112868 -0.38268343236508984 0
vn -0.9238795325112868 0.38268343236508984 0
usemtl m_483af306-a7dc-7de1-5480-6c300712da85
f 12/28/7 15/27/7 13/26/7 10/25/7
f 11/32/8 12/31/8 10/30/8 9/29/8
f 16/36/9 11/35/9 9/34/9 14/33/9
f 15/40/10 16/39/10 14/38/10 13/37/10
f 14/44/11 9/43/11 10/42/11 13/41/11
f 15/48/12 12/47/12 11/46/12 16/45/12
o cube
v 0.25 0.02391771452281799 -0.19225752921804462
v 0.25 0.3126300684325951 -0.3118461018321352
v 0.25 -5.551115123125783e-17 -0.25
v 0.25 0.288712353909777 -0.36958857261409056
v -0.25 0.3126300684325951 -0.3118461018321352
v -0.25 0.02391771452281799 -0.19225752921804462
v -0.25 0.288712353909777 -0.36958857261409056
v -0.25 -5.551115123125783e-17 -0.25
vt 0.078125 0.46875
vt 0.203125 0.46875
vt 0.203125 0.453125
vt 0.078125 0.453125
vt 0 0.46875
vt 0.078125 0.46875
vt 0.078125 0.453125
vt 0 0.453125
vt 0.28125 0.46875
vt 0.40625 0.46875
vt 0.40625 0.453125
vt 0.28125 0.453125
vt 0.203125 0.46875
vt 0.28125 0.46875
vt 0.28125 0.453125
vt 0.203125 0.453125
vt 0.203125 0.46875
vt 0.078125 0.46875
vt 0.078125 0.546875
vt 0.203125 0.546875
vt 0.328125 0.546875
vt 0.203125 0.546875
vt 0.203125 0.46875
vt 0.328125 0.46875
vn 0 0.9238795325112866 -0.38268343236508984
vn 1 0 0
vn 0 -0.9238795325112866 0.38268343236508984
vn -1 0 0
vn 0 0.38268343236508984 0.9238795325112866
vn 0 -0.38268343236508984 -0.9238795325112866
usemtl m_483af306-a7dc-7de1-5480-6c300712da85
f 20/52/13 23/51/13 21/50/13 18/49/13
f 19/56/14 20/55/14 18/54/14 17/53/14
f 24/60/15 19/59/15 17/58/15 22/57/15
f 23/64/16 24/63/16 22/62/16 21/61/16
f 22/68/17 17/67/17 18/66/17 21/65/17
f 23/72/18 20/71/18 19/70/18 24/69/18
o cube
v 0.25 -5.551115123125783e-17 0.2499999999999999
v 0.25 0.2887123539097771 0.3695885726140905
v 0.25 0.0239177145228181 0.1922575292180445
v 0.25 0.3126300684325952 0.311846101832135
v -0.25 0.2887123539097771 0.3695885726140905
v -0.25 -5.551115123125783e-17 0.2499999999999999
v -0.25 0.3126300684325952 0.311846101832135
v -0.25 0.0239177145228181 0.1922575292180445
vt 0.453125 0.765625
vt 0.578125 0.765625
vt 0.578125 0.75
vt 0.453125 0.75
vt 0.375 0.765625
vt 0.453125 0.765625
vt 0.453125 0.75
vt 0.375 0.75
vt 0.65625 0.765625
vt 0.78125 0.765625
vt 0.78125 0.75
vt 0.65625 0.75
vt 0.578125 0.765625
vt 0.65625 0.765625
vt 0.65625 0.75
vt 0.578125 0.75
vt 0.578125 0.765625
vt 0.453125 0.765625
vt 0.453125 0.84375
vt 0.578125 0.84375
vt 0.703125 0.84375
vt 0.578125 0.84375
vt 0.578125 0.765625
vt 0.703125 0.765625
vn 0 0.9238795325112868 0.38268343236508984
vn 1 0 0
vn 0 -0.9238795325112868 -0.38268343236508984
vn -1 0 0
vn 0 -0.38268343236508984 0.9238795325112868
vn 0 0.38268343236508984 -0.9238795325112868
usemtl m_483af306-a7dc-7de1-5480-6c300712da85
f 28/76/19 31/75/19 29/74/19 26/73/19
f 27/80/20 28/79/20 26/78/20 25/77/20
f 32/84/21 27/83/21 25/82/21 30/81/21
f 31/88/22 32/87/22 30/86/22 29/85/22
f 30/92/23 25/91/23 26/90/23 29/89/23
f 31/96/24 28/95/24 27/94/24 32/93/24
o cube
v 0.3125 0.13940265608672886 -0.24009295826368082
v 0.3125 0.3126300684325951 -0.3118461018321352
v 0.3125 0.11548494156391076 -0.2978354290456362
v 0.3125 0.288712353909777 -0.36958857261409056
v 0.25 0.3126300684325951 -0.3118461018321352
v 0.25 0.13940265608672886 -0.24009295826368082
v 0.25 0.288712353909777 -0.36958857261409056
v 0.25 0.11548494156391076 -0.2978354290456362
vt 0.046875 0.59375
vt 0.0625 0.59375
vt 0.0625 0.578125
vt 0.046875 0.578125
vt 0 0.59375
vt 0.046875 0.59375
vt 0.046875 0.578125
vt 0 0.578125
vt 0.109375 0.59375
vt 0.125 0.59375
vt 0.125 0.578125
vt 0.109375 0.578125
vt 0.0625 0.59375
vt 0.109375 0.59375
vt 0.109375 0.578125
vt 0.0625 0.578125
vt 0.0625 0.59375
vt 0.046875 0.59375
vt 0.046875 0.640625
vt 0.0625 0.640625
vt 0.078125 0.640625
vt 0.0625 0.640625
vt 0.0625 0.59375
vt 0.078125 0.59375
vn 0 0.9238795325112866 -0.38268343236508984
vn 1 0 0
vn 0 -0.9238795325112866 0.38268343236508984
vn -1 0 0
vn 0 0.38268343236508984 0.9238795325112866
vn 0 -0.38268343236508984 -0.9238795325112866
usemtl m_483af306-a7dc-7de1-5480-6c300712da85
f 36/100/25 39/99/25 37/98/25 34/97/25
f 35/104/26 36/103/26 34/102/26 33/101/26
f 40/108/27 35/107/27 33/106/27 38/105/27
f 39/112/28 40/111/28 38/110/28 37/109/28
f 38/116/29 33/115/29 34/114/29 37/113/29
f 39/120/30 36/119/30 35/118/30 40/117/30
o cube
v 0.2978354290456362 0.11548494156391076 -0.25
v 0.2978354290456362 0.11548494156391076 -0.3125
v 0.2400929582636807 0.13940265608672897 -0.25
v 0.2400929582636807 0.13940265608672897 -0.3125
v 0.3695885726140905 0.2887123539097771 -0.3125
v 0.3695885726140905 0.2887123539097771 -0.25
v 0.311846101832135 0.3126300684325952 -0.3125
v 0.311846101832135 0.3126300684325952 -0.25
vt 0.484375 0.953125
vt 0.53125 0.953125
vt 0.53125 0.9375
vt 0.484375 0.9375
vt 0.46875 0.953125
vt 0.484375 0.953125
vt 0.484375 0.9375
vt 0.46875 0.9375
vt 0.546875 0.953125
vt 0.59375 0.953125
vt 0.59375 0.9375
vt 0.546875 0.9375
vt 0.53125 0.953125
vt 0.546875 0.953125
vt 0.546875 0.9375
vt 0.53125 0.9375
vt 0.53125 0.953125
vt 0.484375 0.953125
vt 0.484375 0.96875
vt 0.53125 0.96875
vt 0.578125 0.96875
vt 0.53125 0.96875
vt 0.53125 0.953125
vt 0.578125 0.953125
vn 0 0 -1
vn -0.38268343236508984 -0.9238795325112868 0
vn 0 0 1
vn 0.38268343236508984 0.9238795325112868 0
vn 0.9238795325112868 -0.38268343236508984 0
vn -0.9238795325112868 0.38268343236508984 0
usemtl m_483af306-a7dc-7de1-5480-6c300712da85
f 44/124/31 47/123/31 45/122/31 42/121/31
f 43/128/32 44/127/32 42/126/32 41/125/32
f 48/132/33 43/131/33 41/130/33 46/129/33
f 47/136/34 48/135/34 46/134/34 45/133/34
f 46/140/35 41/139/35 42/138/35 45/137/35
f 47/144/36 44/143/36 43/142/36 48/141/36
o cube
v -0.25 0.13940265608672886 -0.24009295826368082
v -0.25 0.3126300684325951 -0.3118461018321352
v -0.25 0.11548494156391076 -0.2978354290456362
v -0.25 0.288712353909777 -0.36958857261409056
v -0.3125 0.3126300684325951 -0.3118461018321352
v -0.3125 0.13940265608672886 -0.24009295826368082
v -0.3125 0.288712353909777 -0.36958857261409056
v -0.3125 0.11548494156391076 -0.2978354290456362
vt 0.328125 0.65625
vt 0.34375 0.65625
vt 0.34375 0.640625
vt 0.328125 0.640625
vt 0.28125 0.65625
vt 0.328125 0.65625
vt 0.328125 0.640625
vt 0.28125 0.640625
vt 0.390625 0.65625
vt 0.40625 0.65625
vt 0.40625 0.640625
vt 0.390625 0.640625
vt 0.34375 0.65625
vt 0.390625 0.65625
vt 0.390625 0.640625
vt 0.34375 0.640625
vt 0.34375 0.65625
vt 0.328125 0.65625
vt 0.328125 0.703125
vt 0.34375 0.703125
vt 0.359375 0.703125
vt 0.34375 0.703125
vt 0.34375 0.65625
vt 0.359375 0.65625
vn 0 0.9238795325112866 -0.38268343236508984
vn 1 0 0
vn 0 -0.9238795325112866 0.38268343236508984
vn -1 0 0
vn 0 0.38268343236508984 0.9238795325112866
vn 0 -0.38268343236508984 -0.9238795325112866
usemtl m_483af306-a7dc-7de1-5480-6c300712da85
f 52/148/37 55/147/37 53/146/37 50/145/37
f 51/152/38 52/151/38 50/150/38 49/149/38
f 56/156/39 51/155/39 49/154/39 54/153/39
f 55/160/40 56/159/40 54/158/40 53/157/40
f 54/164/41 49/163/41 50/162/41 53/161/41
f 55/168/42 52/167/42 51/166/42 56/165/42
o cube
v -0.24009295826368082 0.13940265608672886 -0.25
v -0.24009295826368082 0.13940265608672886 -0.3125
v -0.2978354290456362 0.11548494156391076 -0.25
v -0.2978354290456362 0.11548494156391076 -0.3125
v -0.3118461018321352 0.3126300684325951 -0.3125
v -0.3118461018321352 0.3126300684325951 -0.25
v -0.36958857261409056 0.288712353909777 -0.3125
v -0.36958857261409056 0.288712353909777 -0.25
vt 0.484375 0.984375
vt 0.53125 0.984375
vt 0.53125 0.96875
vt 0.484375 0.96875
vt 0.46875 0.984375
vt 0.484375 0.984375
vt 0.484375 0.96875
vt 0.46875 0.96875
vt 0.546875 0.984375
vt 0.59375 0.984375
vt 0.59375 0.96875
vt 0.546875 0.96875
vt 0.53125 0.984375
vt 0.546875 0.984375
vt 0.546875 0.96875
vt 0.53125 0.96875
vt 0.53125 0.984375
vt 0.484375 0.984375
vt 0.484375 1
vt 0.53125 1
vt 0.578125 1
vt 0.53125 1
vt 0.53125 0.984375
vt 0.578125 0.984375
vn 0 0 -1
vn 0.38268343236508984 -0.9238795325112866 0
vn 0 0 1
vn -0.38268343236508984 0.9238795325112866 0
vn 0.9238795325112866 0.38268343236508984 0
vn -0.9238795325112866 -0.38268343236508984 0
usemtl m_483af306-a7dc-7de1-5480-6c300712da85
f 60/172/43 63/171/43 61/170/43 58/169/43
f 59/176/44 60/175/44 58/174/44 57/173/44
f 64/180/45 59/179/45 57/178/45 62/177/45
f 63/184/46 64/183/46 62/182/46 61/181/46
f 62/188/47 57/187/47 58/186/47 61/185/47
f 63/192/48 60/191/48 59/190/48 64/189/48
o cube
v -0.24009295826368082 0.13940265608672886 0.3125
v -0.24009295826368082 0.13940265608672886 0.25
v -0.2978354290456362 0.11548494156391076 0.3125
v -0.2978354290456362 0.11548494156391076 0.25
v -0.3118461018321352 0.3126300684325951 0.25
v -0.3118461018321352 0.3126300684325951 0.3125
v -0.36958857261409056 0.288712353909777 0.25
v -0.36958857261409056 0.288712353909777 0.3125
vt 0.390625 0.734375
vt 0.4375 0.734375
vt 0.4375 0.71875
vt 0.390625 0.71875
vt 0.375 0.734375
vt 0.390625 0.734375
vt 0.390625 0.71875
vt 0.375 0.71875
vt 0.453125 0.734375
vt 0.5 0.734375
vt 0.5 0.71875
vt 0.453125 0.71875
vt 0.4375 0.734375
vt 0.453125 0.734375
vt 0.453125 0.71875
vt 0.4375 0.71875
vt 0.4375 0.734375
vt 0.390625 0.734375
vt 0.390625 0.75
vt 0.4375 0.75
vt 0.484375 0.75
vt 0.4375 0.75
vt 0.4375 0.734375
vt 0.484375 0.734375
vn 0 0 -1
vn 0.38268343236508984 -0.9238795325112866 0
vn 0 0 1
vn -0.38268343236508984 0.9238795325112866 0
vn 0.9238795325112866 0.38268343236508984 0
vn -0.9238795325112866 -0.38268343236508984 0
usemtl m_483af306-a7dc-7de1-5480-6c300712da85
f 68/196/49 71/195/49 69/194/49 66/193/49
f 67/200/50 68/199/50 66/198/50 65/197/50
f 72/204/51 67/203/51 65/202/51 70/201/51
f 71/208/52 72/207/52 70/206/52 69/205/52
f 70/212/53 65/211/53 66/210/53 69/209/53
f 71/216/54 68/215/54 67/214/54 72/213/54
o cube
v 0.2978354290456362 0.11548494156391076 0.3125
v 0.2978354290456362 0.11548494156391076 0.25
v 0.2400929582636807 0.13940265608672897 0.3125
v 0.2400929582636807 0.13940265608672897 0.25
v 0.3695885726140905 0.2887123539097771 0.25
v 0.3695885726140905 0.2887123539097771 0.3125
v 0.311846101832135 0.3126300684325952 0.25
v 0.311846101832135 0.3126300684325952 0.3125
vt 0.015625 0.984375
vt 0.0625 0.984375
vt 0.0625 0.96875
vt 0.015625 0.96875
vt 0 0.984375
vt 0.015625 0.984375
vt 0.015625 0.96875
vt 0 0.96875
vt 0.078125 0.984375
vt 0.125 0.984375
vt 0.125 0.96875
vt 0.078125 0.96875
vt 0.0625 0.984375
vt 0.078125 0.984375
vt 0.078125 0.96875
vt 0.0625 0.96875
vt 0.0625 0.984375
vt 0.015625 0.984375
vt 0.015625 1
vt 0.0625 1
vt 0.109375 1
vt 0.0625 1
vt 0.0625 0.984375
vt 0.109375 0.984375
vn 0 0 -1
vn -0.38268343236508984 -0.9238795325112868 0
vn 0 0 1
vn 0.38268343236508984 0.9238795325112868 0
vn 0.9238795325112868 -0.38268343236508984 0
vn -0.9238795325112868 0.38268343236508984 0
usemtl m_483af306-a7dc-7de1-5480-6c300712da85
f 76/220/55 79/219/55 77/218/55 74/217/55
f 75/224/56 76/223/56 74/222/56 73/221/56
f 80/228/57 75/227/57 73/226/57 78/225/57
f 79/232/58 80/231/58 78/230/58 77/229/58
f 78/236/59 73/235/59 74/234/59 77/233/59
f 79/240/60 76/239/60 75/238/60 80/237/60
o cube
v -0.25 0.11548494156391076 0.2978354290456362
v -0.25 0.2887123539097771 0.3695885726140905
v -0.25 0.13940265608672897 0.2400929582636807
v -0.25 0.3126300684325952 0.311846101832135
v -0.3125 0.2887123539097771 0.3695885726140905
v -0.3125 0.11548494156391076 0.2978354290456362
v -0.3125 0.3126300684325952 0.311846101832135
v -0.3125 0.13940265608672897 0.2400929582636807
vt 0.046875 0.65625
vt 0.0625 0.65625
vt 0.0625 0.640625
vt 0.046875 0.640625
vt 0 0.65625
vt 0.046875 0.65625
vt 0.046875 0.640625
vt 0 0.640625
vt 0.109375 0.65625
vt 0.125 0.65625
vt 0.125 0.640625
vt 0.109375 0.640625
vt 0.0625 0.65625
vt 0.109375 0.65625
vt 0.109375 0.640625
vt 0.0625 0.640625
vt 0.0625 0.65625
vt 0.046875 0.65625
vt 0.046875 0.703125
vt 0.0625 0.703125
vt 0.078125 0.703125
vt 0.0625 0.703125
vt 0.0625 0.65625
vt 0.078125 0.65625
vn 0 0.9238795325112868 0.38268343236508984
vn 1 0 0
vn 0 -0.9238795325112868 -0.38268343236508984
vn -1 0 0
vn 0 -0.38268343236508984 0.9238795325112868
vn 0 0.38268343236508984 -0.9238795325112868
usemtl m_483af306-a7dc-7de1-5480-6c300712da85
f 84/244/61 87/243/61 85/242/61 82/241/61
f 83/248/62 84/247/62 82/246/62 81/245/62
f 88/252/63 83/251/63 81/250/63 86/249/63
f 87/256/64 88/255/64 86/254/64 85/253/64
f 86/260/65 81/259/65 82/258/65 85/257/65
f 87/264/66 84/263/66 83/262/66 88/261/66
o cube
v 0.3125 0.11548494156391076 0.2978354290456362
v 0.3125 0.2887123539097771 0.3695885726140905
v 0.3125 0.13940265608672897 0.2400929582636807
v 0.3125 0.3126300684325952 0.311846101832135
v 0.25 0.2887123539097771 0.3695885726140905
v 0.25 0.11548494156391076 0.2978354290456362
v 0.25 0.3126300684325952 0.311846101832135
v 0.25 0.13940265608672897 0.2400929582636807
vt 0.046875 0.78125
vt 0.0625 0.78125
vt 0.0625 0.765625
vt 0.046875 0.765625
vt 0 0.78125
vt 0.046875 0.78125
vt 0.046875 0.765625
vt 0 0.765625
vt 0.109375 0.78125
vt 0.125 0.78125
vt 0.125 0.765625
vt 0.109375 0.765625
vt 0.0625 0.78125
vt 0.109375 0.78125
vt 0.109375 0.765625
vt 0.0625 0.765625
vt 0.0625 0.78125
vt 0.046875 0.78125
vt 0.046875 0.828125
vt 0.0625 0.828125
vt 0.078125 0.828125
vt 0.0625 0.828125
vt 0.0625 0.78125
vt 0.078125 0.78125
vn 0 0.9238795325112868 0.38268343236508984
vn 1 0 0
vn 0 -0.9238795325112868 -0.38268343236508984
vn -1 0 0
vn 0 -0.38268343236508984 0.9238795325112868
vn 0 0.38268343236508984 -0.9238795325112868
usemtl m_483af306-a7dc-7de1-5480-6c300712da85
f 92/268/67 95/267/67 93/266/67 90/265/67
f 91/272/68 92/271/68 90/270/68 89/269/68
f 96/276/69 91/275/69 89/274/69 94/273/69
f 95/280/70 96/279/70 94/278/70 93/277/70
f 94/284/71 89/283/71 90/282/71 93/281/71
f 95/288/72 92/287/72 91/286/72 96/285/72
o buttom
v 0.25 0.0625 0.25
v 0.25 0.0625 -0.25
v 0.25 0 0.25
v 0.25 0 -0.25
v -0.25 0.0625 -0.25
v -0.25 0.0625 0.25
v -0.25 0 -0.25
v -0.25 0 0.25
vt 0.125 0.71875
vt 0.25 0.71875
vt 0.25 0.703125
vt 0.125 0.703125
vt 0 0.71875
vt 0.125 0.71875
vt 0.125 0.703125
vt 0 0.703125
vt 0.375 0.71875
vt 0.5 0.71875
vt 0.5 0.703125
vt 0.375 0.703125
vt 0.25 0.71875
vt 0.375 0.71875
vt 0.375 0.703125
vt 0.25 0.703125
vt 0.25 0.71875
vt 0.125 0.71875
vt 0.125 0.84375
vt 0.25 0.84375
vt 0.375 0.84375
vt 0.25 0.84375
vt 0.25 0.71875
vt 0.375 0.71875
vn 0 0 -1
vn 1 0 0
vn 0 0 1
vn -1 0 0
vn 0 1 0
vn 0 -1 0
usemtl m_483af306-a7dc-7de1-5480-6c300712da85
f 100/292/73 103/291/73 101/290/73 98/289/73
f 99/296/74 100/295/74 98/294/74 97/293/74
f 104/300/75 99/299/75 97/298/75 102/297/75
f 103/304/76 104/303/76 102/302/76 101/301/76
f 102/308/77 97/307/77 98/306/77 101/305/77
f 103/312/78 100/311/78 99/310/78 104/309/78
o cube
v 0.3125 0.265625 0.3125
v 0.3125 0.265625 -0.3125
v 0.3125 0.265625 0.3125
v 0.3125 0.265625 -0.3125
v -0.3125 0.265625 -0.3125
v -0.3125 0.265625 0.3125
v -0.3125 0.265625 -0.3125
v -0.3125 0.265625 0.3125
vt 0.15625 0.84375
vt 0.3125 0.84375
vt 0.3125 0.84375
vt 0.15625 0.84375
vt 0 0.84375
vt 0.15625 0.84375
vt 0.15625 0.84375
vt 0 0.84375
vt 0.46875 0.84375
vt 0.625 0.84375
vt 0.625 0.84375
vt 0.46875 0.84375
vt 0.3125 0.84375
vt 0.46875 0.84375
vt 0.46875 0.84375
vt 0.3125 0.84375
vt 0.3125 0.84375
vt 0.15625 0.84375
vt 0.15625 1
vt 0.3125 1
vt 0.46875 1
vt 0.3125 1
vt 0.3125 0.84375
vt 0.46875 0.84375
vn 0 0 -1
vn 1 0 0
vn 0 0 1
vn -1 0 0
vn 0 1 0
vn 0 -1 0
usemtl m_483af306-a7dc-7de1-5480-6c300712da85
f 108/316/79 111/315/79 109/314/79 106/313/79
f 107/320/80 108/319/80 106/318/80 105/317/80
f 112/324/81 107/323/81 105/322/81 110/321/81
f 111/328/82 112/327/82 110/326/82 109/325/82
f 110/332/83 105/331/83 106/330/83 109/329/83
f 111/336/84 108/335/84 107/334/84 112/333/84
o cube
v -0.060731778704332995 0.35283294890121475 0.07089273245244732
v -0.060731778704332995 0.35283294890121475 0.07089273245244732
v -0.08437151996793035 0.16693703739362542 0.07722698203330891
v -0.08437151996793035 0.16693703739362542 0.07722698203330891
v -0.24654061743805755 0.3767264864554033 0.07866604008634992
v -0.24654061743805755 0.3767264864554033 0.07866604008634992
v -0.2701803587016549 0.19083057494781386 0.08500028966721151
v -0.2701803587016549 0.19083057494781386 0.08500028966721151
vt 0.46875 0.9375
vt 0.515625 0.9375
vt 0.515625 0.890625
vt 0.46875 0.890625
vt 0.46875 0.9375
vt 0.46875 0.9375
vt 0.46875 0.890625
vt 0.46875 0.890625
vt 0.515625 0.9375
vt 0.5625 0.9375
vt 0.5625 0.890625
vt 0.515625 0.890625
vt 0.515625 0.9375
vt 0.515625 0.9375
vt 0.515625 0.890625
vt 0.515625 0.890625
vt 0.515625 0.9375
vt 0.46875 0.9375
vt 0.46875 0.9375
vt 0.515625 0.9375
vt 0.5625 0.9375
vt 0.515625 0.9375
vt 0.515625 0.9375
vt 0.5625 0.9375
vn -0.045407964110824574 -0.02825103865291855 -0.998568973887303
vn 0.9909804732465315 -0.12743220028900526 -0.04145764071414803
vn 0.045407964110824574 0.02825103865291855 0.998568973887303
vn -0.9909804732465315 0.12743220028900526 0.04145764071414803
vn 0.12607862007251908 0.9914448613738106 -0.03378266443126186
vn -0.12607862007251908 -0.9914448613738106 0.03378266443126186
usemtl m_483af306-a7dc-7de1-5480-6c300712da85
f 116/340/85 119/339/85 117/338/85 114/337/85
f 115/344/86 116/343/86 114/342/86 113/341/86
f 120/348/87 115/347/87 113/346/87 118/345/87
f 119/352/88 120/351/88 118/350/88 117/349/88
f 118/356/89 113/355/89 114/354/89 117/353/89
f 119/360/90 116/359/90 115/358/90 120/357/90
o cube
v -0.09423162945277441 0.35875623629345244 0.13545479793245452
v -0.1804741362945642 0.3640533060408746 -0.03094959223119098
v -0.10999145696183932 0.23482562862172607 0.1396776309863622
v -0.19623396380362912 0.24012269836914824 -0.026726759177283288
v -0.1804741362945642 0.3640533060408746 -0.03094959223119098
v -0.09423162945277441 0.35875623629345244 0.13545479793245452
v -0.19623396380362912 0.24012269836914824 -0.026726759177283288
v -0.10999145696183932 0.23482562862172607 0.1396776309863622
vt 0.046875 0.765625
vt 0.046875 0.765625
vt 0.046875 0.734375
vt 0.046875 0.734375
vt 0 0.765625
vt 0.046875 0.765625
vt 0.046875 0.734375
vt 0 0.734375
vt 0.09375 0.765625
vt 0.09375 0.765625
vt 0.09375 0.734375
vt 0.09375 0.734375
vt 0.046875 0.765625
vt 0.09375 0.765625
vt 0.09375 0.734375
vt 0.046875 0.734375
vt 0.046875 0.765625
vt 0.046875 0.765625
vt 0.046875 0.8125
vt 0.046875 0.8125
vt 0.046875 0.8125
vt 0.046875 0.8125
vt 0.046875 0.765625
vt 0.046875 0.765625
vn -0.4599600364895458 0.028251038652918548 -0.8874900808727763
vn 0.8789430848428954 -0.12743220028900515 -0.4595868665838459
vn 0.4599600364895458 -0.028251038652918548 0.8874900808727763
vn -0.8789430848428954 0.12743220028900515 0.4595868665838459
vn 0.12607862007251894 0.9914448613738106 -0.033782664431261836
vn -0.12607862007251894 -0.9914448613738106 0.033782664431261836
usemtl m_483af306-a7dc-7de1-5480-6c300712da85
f 124/364/91 127/363/91 125/362/91 122/361/91
f 123/368/92 124/367/92 122/366/92 121/365/92
f 128/372/93 123/371/93 121/370/93 126/369/93
f 127/376/94 128/375/94 126/374/94 125/373/94
f 126/380/95 121/379/95 122/378/95 125/377/95
f 127/384/96 124/383/96 123/382/96 128/381/96
o cube
v -0.12699106739050015 0.3615575920544032 0.07344624477938444
v -0.10338776404329364 0.3565913850982191 0.0157880202180255
v -0.12699106739050015 0.3615575920544032 0.07344624477938444
v -0.10338776404329364 0.3565913850982191 0.0157880202180255
v -0.20329379625293104 0.41597643267853535 -0.030225030669853103
v -0.2268970996001375 0.42094263963471945 0.02743319389150589
v -0.20329379625293104 0.41597643267853535 -0.030225030669853103
v -0.2268970996001375 0.42094263963471945 0.02743319389150589
vt 0.015625 0.953125
vt 0.046875 0.953125
vt 0.046875 0.953125
vt 0.015625 0.953125
vt 0 0.953125
vt 0.015625 0.953125
vt 0.015625 0.953125
vt 0 0.953125
vt 0.0625 0.953125
vt 0.09375 0.953125
vt 0.09375 0.953125
vt 0.0625 0.953125
vt 0.046875 0.953125
vt 0.0625 0.953125
vt 0.0625 0.953125
vt 0.046875 0.953125
vt 0.046875 0.953125
vt 0.015625 0.953125
vt 0.015625 0.96875
vt 0.046875 0.96875
vt 0.078125 0.96875
vt 0.046875 0.96875
vt 0.046875 0.953125
vt 0.078125 0.953125
vn 0.3776528535553037 -0.07945931129894535 -0.9225315929817438
vn 0.799248257677098 -0.47508038064253016 0.3681044071030283
vn -0.3776528535553037 0.07945931129894535 0.9225315929817438
vn -0.799248257677098 0.47508038064253016 -0.3681044071030283
vn 0.4675259830230397 0.8763474480914782 0.11590774530588718
vn -0.4675259830230397 -0.8763474480914782 -0.11590774530588718
usemtl m_483af306-a7dc-7de1-5480-6c300712da85
f 132/388/97 135/387/97 133/386/97 130/385/97
f 131/392/98 132/391/98 130/390/98 129/389/98
f 136/396/99 131/395/99 129/394/99 134/393/99
f 135/400/100 136/399/100 134/398/100 133/397/100
f 134/404/101 129/403/101 130/402/101 133/401/101
f 135/408/102 132/407/102 131/406/102 136/405/102
o cube
v 0.3161160719236986 0.3719343421878115 -0.01999828491082367
v 0.2675875009669759 0.3719343421878115 -0.20110937734002393
v 0.2536160719236986 0.13045288561554447 -0.0032514603838784684
v 0.20508750096697592 0.13045288561554447 -0.18436255281307873
v 0.2675875009669759 0.3719343421878115 -0.20110937734002393
v 0.3161160719236986 0.3719343421878115 -0.01999828491082367
v 0.20508750096697592 0.13045288561554447 -0.18436255281307873
v 0.2536160719236986 0.13045288561554447 -0.0032514603838784684
vt 0.046875 0.890625
vt 0.046875 0.890625
vt 0.046875 0.828125
vt 0.046875 0.828125
vt 0 0.890625
vt 0.046875 0.890625
vt 0.046875 0.828125
vt 0 0.828125
vt 0.09375 0.890625
vt 0.09375 0.890625
vt 0.09375 0.828125
vt 0.09375 0.828125
vt 0.046875 0.890625
vt 0.09375 0.890625
vt 0.09375 0.828125
vt 0.046875 0.828125
vt 0.046875 0.890625
vt 0.046875 0.890625
vt 0.046875 0.9375
vt 0.046875 0.9375
vt 0.046875 0.9375
vt 0.046875 0.9375
vt 0.046875 0.890625
vt 0.046875 0.890625
vn -0.258819045102521 0 -0.9659258262890683
vn 0.9330127018922193 -0.25881904510252074 -0.2500000000000002
vn 0.258819045102521 0 0.9659258262890683
vn -0.9330127018922193 0.25881904510252074 0.2500000000000002
vn 0.24999999999999994 0.9659258262890683 -0.06698729810778072
vn -0.24999999999999994 -0.9659258262890683 0.06698729810778072
usemtl m_483af306-a7dc-7de1-5480-6c300712da85
f 140/412/103 143/411/103 141/410/103 138/409/103
f 139/416/104 140/415/104 138/414/104 137/413/104
f 144/420/105 139/419/105 137/418/105 142/417/105
f 143/424/106 144/423/106 142/422/106 141/421/106
f 142/428/107 137/427/107 138/426/107 141/425/107
f 143/432/108 140/431/108 139/430/108 144/429/108
o cube
v 0.31605775590484775 0.3719505191340444 -0.019982659180666773
v 0.31605775590484775 0.3719505191340444 -0.019982659180666773
v 0.25355775590484775 0.13046906256177737 -0.00323583465372157
v 0.25355775590484775 0.13046906256177737 -0.00323583465372157
v 0.14111787430005662 0.4204790900907671 0.026892340819333338
v 0.14111787430005662 0.4204790900907671 0.026892340819333338
v 0.07861787430005662 0.17899763351850007 0.04363916534627843
v 0.07861787430005662 0.17899763351850007 0.04363916534627843
vt 0.421875 0.546875
vt 0.46875 0.546875
vt 0.46875 0.484375
vt 0.421875 0.484375
vt 0.421875 0.546875
vt 0.421875 0.546875
vt 0.421875 0.484375
vt 0.421875 0.484375
vt 0.46875 0.546875
vt 0.515625 0.546875
vt 0.515625 0.484375
vt 0.46875 0.484375
vt 0.46875 0.546875
vt 0.46875 0.546875
vt 0.46875 0.484375
vt 0.46875 0.484375
vt 0.46875 0.546875
vt 0.421875 0.546875
vt 0.421875 0.546875
vt 0.46875 0.546875
vt 0.515625 0.546875
vt 0.46875 0.546875
vt 0.46875 0.546875
vt 0.515625 0.546875
vn -0.258819045102521 0 -0.9659258262890683
vn 0.9330127018922193 -0.25881904510252074 -0.2500000000000002
vn 0.258819045102521 0 0.9659258262890683
vn -0.9330127018922193 0.25881904510252074 0.2500000000000002
vn 0.24999999999999994 0.9659258262890683 -0.06698729810778072
vn -0.24999999999999994 -0.9659258262890683 0.06698729810778072
usemtl m_483af306-a7dc-7de1-5480-6c300712da85
f 148/436/109 151/435/109 149/434/109 146/433/109
f 147/440/110 148/439/110 146/438/110 145/437/110
f 152/444/111 147/443/111 145/442/111 150/441/111
f 151/448/112 152/447/112 150/446/112 149/445/112
f 150/452/113 145/451/113 146/450/113 149/449/113
f 151/456/114 148/455/114 147/454/114 152/453/114
o cube
v 0.14111787430005662 0.4204790900907671 0.026892340819333338
v 0.09258930334333393 0.4204790900907671 -0.15421875160986698
v 0.07861787430005662 0.17899763351849995 0.04363916534627843
v 0.03008930334333393 0.17899763351849995 -0.13747192708292177
v 0.09258930334333393 0.4204790900907671 -0.15421875160986698
v 0.14111787430005662 0.4204790900907671 0.026892340819333338
v 0.03008930334333393 0.17899763351849995 -0.13747192708292177
v 0.07861787430005662 0.17899763351849995 0.04363916534627843
vt 0.046875 0.953125
vt 0.046875 0.953125
vt 0.046875 0.890625
vt 0.046875 0.890625
vt 0 0.953125
vt 0.046875 0.953125
vt 0.046875 0.890625
vt 0 0.890625
vt 0.09375 0.953125
vt 0.09375 0.953125
vt 0.09375 0.890625
vt 0.09375 0.890625
vt 0.046875 0.953125
vt 0.09375 0.953125
vt 0.09375 0.890625
vt 0.046875 0.890625
vt 0.046875 0.953125
vt 0.046875 0.953125
vt 0.046875 1
vt 0.046875 1
vt 0.046875 1
vt 0.046875 1
vt 0.046875 0.953125
vt 0.046875 0.953125
vn -0.258819045102521 0 -0.9659258262890683
vn 0.9330127018922193 -0.25881904510252074 -0.2500000000000002
vn 0.258819045102521 0 0.9659258262890683
vn -0.9330127018922193 0.25881904510252074 0.2500000000000002
vn 0.24999999999999994 0.9659258262890683 -0.06698729810778072
vn -0.24999999999999994 -0.9659258262890683 0.06698729810778072
usemtl m_483af306-a7dc-7de1-5480-6c300712da85
f 156/460/115 159/459/115 157/458/115 154/457/115
f 155/464/116 156/463/116 154/462/116 153/461/116
f 160/468/117 155/467/117 153/466/117 158/465/117
f 159/472/118 160/471/118 158/470/118 157/469/118
f 158/476/119 153/475/119 154/474/119 157/473/119
f 159/480/120 156/479/120 155/478/120 160/477/120
o cube
v 0.2675875009669759 0.3719343421878115 -0.20110937734002393
v 0.2675875009669759 0.3719343421878115 -0.20110937734002393
v 0.20508750096697592 0.13045288561554447 -0.18436255281307873
v 0.20508750096697592 0.13045288561554447 -0.18436255281307873
v 0.0926476193621848 0.4204629131445341 -0.15423437734002388
v 0.0926476193621848 0.4204629131445341 -0.15423437734002388
v 0.030147619362184908 0.17898145657226705 -0.13748755281307867
v 0.030147619362184908 0.17898145657226705 -0.13748755281307867
vt 0.328125 0.546875
vt 0.375 0.546875
vt 0.375 0.484375
vt 0.328125 0.484375
vt 0.328125 0.546875
vt 0.328125 0.546875
vt 0.328125 0.484375
vt 0.328125 0.484375
vt 0.375 0.546875
vt 0.421875 0.546875
vt 0.421875 0.484375
vt 0.375 0.484375
vt 0.375 0.546875
vt 0.375 0.546875
vt 0.375 0.484375
vt 0.375 0.484375
vt 0.375 0.546875
vt 0.328125 0.546875
vt 0.328125 0.546875
vt 0.375 0.546875
vt 0.421875 0.546875
vt 0.375 0.546875
vt 0.375 0.546875
vt 0.421875 0.546875
vn -0.258819045102521 0 -0.9659258262890683
vn 0.9330127018922193 -0.25881904510252074 -0.2500000000000002
vn 0.258819045102521 0 0.9659258262890683
vn -0.9330127018922193 0.25881904510252074 0.2500000000000002
vn 0.24999999999999994 0.9659258262890683 -0.06698729810778072
vn -0.24999999999999994 -0.9659258262890683 0.06698729810778072
usemtl m_483af306-a7dc-7de1-5480-6c300712da85
f 164/484/121 167/483/121 165/482/121 162/481/121
f 163/488/122 164/487/122 162/486/122 161/485/122
f 168/492/123 163/491/123 161/490/123 166/489/123
f 167/496/124 168/495/124 166/494/124 165/493/124
f 166/500/125 161/499/125 162/498/125 165/497/125
f 167/504/126 164/503/126 163/502/126 168/501/126