# Made in Blockbench 4.6.4
mtllib bone_stew.mtl

o cube
v 0.3125 0.0625 0.3125
v 0.3125 0.0625 -0.3125
v 0.3125 0 0.3125
v 0.3125 0 -0.3125
v -0.3125 0.0625 -0.3125
v -0.3125 0.0625 0.3125
v -0.3125 0 -0.3125
v -0.3125 0 0.3125
vt 0.15625 0.84375
vt 0.3125 0.84375
vt 0.3125 0.828125
vt 0.15625 0.828125
vt 0 0.84375
vt 0.15625 0.84375
vt 0.15625 0.828125
vt 0 0.828125
vt 0.46875 0.84375
vt 0.625 0.84375
vt 0.625 0.828125
vt 0.46875 0.828125
vt 0.3125 0.84375
vt 0.46875 0.84375
vt 0.46875 0.828125
vt 0.3125 0.828125
vt 0.3125 0.84375
vt 0.15625 0.84375
vt 0.15625 1
vt 0.3125 1
vt 0.46875 1
vt 0.3125 1
vt 0.3125 0.84375
vt 0.46875 0.84375
vn 0 0 -1
vn 1 0 0
vn 0 0 1
vn -1 0 0
vn 0 1 0
vn 0 -1 0
usemtl m_0077fcda-1675-7599-3330-c493bf41763c
f 4/4/1 7/3/1 5/2/1 2/1/1
f 3/8/2 4/7/2 2/6/2 1/5/2
f 8/12/3 3/11/3 1/10/3 6/9/3
f 7/16/4 8/15/4 6/14/4 5/13/4
f 6/20/5 1/19/5 2/18/5 5/17/5
f 7/24/6 4/23/6 3/22/6 8/21/6
o cube
v -0.3125 0.5 0.375
v -0.3125 0.5 -0.3125
v -0.3125 0 0.375
v -0.3125 0 -0.3125
v -0.375 0.5 -0.3125
v -0.375 0.5 0.375
v -0.375 0 -0.3125
v -0.375 0 0.375
vt 0.171875 0.5
vt 0.1875 0.5
vt 0.1875 0.375
vt 0.171875 0.375
vt 0 0.5
vt 0.171875 0.5
vt 0.171875 0.375
vt 0 0.375
vt 0.359375 0.5
vt 0.375 0.5
vt 0.375 0.375
vt 0.359375 0.375
vt 0.1875 0.5
vt 0.359375 0.5
vt 0.359375 0.375
vt 0.1875 0.375
vt 0.1875 0.5
vt 0.171875 0.5
vt 0.171875 0.671875
vt 0.1875 0.671875
vt 0.203125 0.671875
vt 0.1875 0.671875
vt 0.1875 0.5
vt 0.203125 0.5
vn 0 0 -1
vn 1 0 0
vn 0 0 1
vn -1 0 0
vn 0 1 0
vn 0 -1 0
usemtl m_0077fcda-1675-7599-3330-c493bf41763c
f 12/28/7 15/27/7 13/26/7 10/25/7
f 11/32/8 12/31/8 10/30/8 9/29/8
f 16/36/9 11/35/9 9/34/9 14/33/9
f 15/40/10 16/39/10 14/38/10 13/37/10
f 14/44/11 9/43/11 10/42/11 13/41/11
f 15/48/12 12/47/12 11/46/12 16/45/12
o cube
v 0.375 0.5 0.3125
v 0.375 0.5 -0.375
v 0.375 0 0.3125
v 0.375 0 -0.375
v 0.3125 0.5 -0.375
v 0.3125 0.5 0.3125
v 0.3125 0 -0.375
v 0.3125 0 0.3125
vt 0.46875 0.65625
vt 0.484375 0.65625
vt 0.484375 0.53125
vt 0.46875 0.53125
vt 0.296875 0.65625
vt 0.46875 0.65625
vt 0.46875 0.53125
vt 0.296875 0.53125
vt 0.65625 0.65625
vt 0.671875 0.65625
vt 0.671875 0.53125
vt 0.65625 0.53125
vt 0.484375 0.65625
vt 0.65625 0.65625
vt 0.65625 0.53125
vt 0.484375 0.53125
vt 0.484375 0.65625
vt 0.46875 0.65625
vt 0.46875 0.828125
vt 0.484375 0.828125
vt 0.5 0.828125
vt 0.484375 0.828125
vt 0.484375 0.65625
vt 0.5 0.65625
vn 0 0 -1
vn 1 0 0
vn 0 0 1
vn -1 0 0
vn 0 1 0
vn 0 -1 0
usemtl m_0077fcda-1675-7599-3330-c493bf41763c
f 20/52/13 23/51/13 21/50/13 18/49/13
f 19/56/14 20/55/14 18/54/14 17/53/14
f 24/60/15 19/59/15 17/58/15 22/57/15
f 23/64/16 24/63/16 22/62/16 21/61/16
f 22/68/17 17/67/17 18/66/17 21/65/17
f 23/72/18 20/71/18 19/70/18 24/69/18
o cube
v 0.3125 0.5 -0.3125
v 0.3125 0.5 -0.375
v 0.3125 0 -0.3125
v 0.3125 0 -0.375
v -0.375 0.5 -0.375
v -0.375 0.5 -0.3125
v -0.375 0 -0.375
v -0.375 0 -0.3125
vt 0.390625 0.515625
vt 0.5625 0.515625
vt 0.5625 0.390625
vt 0.390625 0.390625
vt 0.375 0.515625
vt 0.390625 0.515625
vt 0.390625 0.390625
vt 0.375 0.390625
vt 0.578125 0.515625
vt 0.75 0.515625
vt 0.75 0.390625
vt 0.578125 0.390625
vt 0.5625 0.515625
vt 0.578125 0.515625
vt 0.578125 0.390625
vt 0.5625 0.390625
vt 0.5625 0.515625
vt 0.390625 0.515625
vt 0.390625 0.53125
vt 0.5625 0.53125
vt 0.734375 0.53125
vt 0.5625 0.53125
vt 0.5625 0.515625
vt 0.734375 0.515625
vn 0 0 -1
vn 1 0 0
vn 0 0 1
vn -1 0 0
vn 0 1 0
vn 0 -1 0
usemtl m_0077fcda-1675-7599-3330-c493bf41763c
f 28/76/19 31/75/19 29/74/19 26/73/19
f 27/80/20 28/79/20 26/78/20 25/77/20
f 32/84/21 27/83/21 25/82/21 30/81/21
f 31/88/22 32/87/22 30/86/22 29/85/22
f 30/92/23 25/91/23 26/90/23 29/89/23
f 31/96/24 28/95/24 27/94/24 32/93/24
o cube
v 0.125 0.4375 0.46875
v 0.125 0.4375 0.40625
v 0.125 0.375 0.46875
v 0.125 0.375 0.40625
v -0.125 0.4375 0.40625
v -0.125 0.4375 0.46875
v -0.125 0.375 0.40625
v -0.125 0.375 0.46875
vt 0.015625 0.640625
vt 0.078125 0.640625
vt 0.078125 0.625
vt 0.015625 0.625
vt 0 0.640625
vt 0.015625 0.640625
vt 0.015625 0.625
vt 0 0.625
vt 0.09375 0.640625
vt 0.15625 0.640625
vt 0.15625 0.625
vt 0.09375 0.625
vt 0.078125 0.640625
vt 0.09375 0.640625
vt 0.09375 0.625
vt 0.078125 0.625
vt 0.078125 0.640625
vt 0.015625 0.640625
vt 0.015625 0.65625
vt 0.078125 0.65625
vt 0.140625 0.65625
vt 0.078125 0.65625
vt 0.078125 0.640625
vt 0.140625 0.640625
vn 0 0 -1
vn 1 0 0
vn 0 0 1
vn -1 0 0
vn 0 1 0
vn 0 -1 0
usemtl m_0077fcda-1675-7599-3330-c493bf41763c
f 36/100/25 39/99/25 37/98/25 34/97/25
f 35/104/26 36/103/26 34/102/26 33/101/26
f 40/108/27 35/107/27 33/106/27 38/105/27
f 39/112/28 40/111/28 38/110/28 37/109/28
f 38/116/29 33/115/29 34/114/29 37/113/29
f 39/120/30 36/119/30 35/118/30 40/117/30
o cube
v 0.375 0.5 0.375
v 0.375 0.5 0.3125
v 0.375 0 0.375
v 0.375 0 0.3125
v -0.3125 0.5 0.3125
v -0.3125 0.5 0.375
v -0.3125 0 0.3125
v -0.3125 0 0.375
vt 0.484375 0.984375
vt 0.65625 0.984375
vt 0.65625 0.859375
vt 0.484375 0.859375
vt 0.46875 0.984375
vt 0.484375 0.984375
vt 0.484375 0.859375
vt 0.46875 0.859375
vt 0.671875 0.984375
vt 0.84375 0.984375
vt 0.84375 0.859375
vt 0.671875 0.859375
vt 0.65625 0.984375
vt 0.671875 0.984375
vt 0.671875 0.859375
vt 0.65625 0.859375
vt 0.65625 0.984375
vt 0.484375 0.984375
vt 0.484375 1
vt 0.65625 1
vt 0.828125 1
vt 0.65625 1
vt 0.65625 0.984375
vt 0.828125 0.984375
vn 0 0 -1
vn 1 0 0
vn 0 0 1
vn -1 0 0
vn 0 1 0
vn 0 -1 0
usemtl m_0077fcda-1675-7599-3330-c493bf41763c
f 44/124/31 47/123/31 45/122/31 42/121/31
f 43/128/32 44/127/32 42/126/32 41/125/32
f 48/132/33 43/131/33 41/130/33 46/129/33
f 47/136/34 48/135/34 46/134/34 45/133/34
f 46/140/35 41/139/35 42/138/35 45/137/35
f 47/144/36 44/143/36 43/142/36 48/141/36
o cube
v 0.125 0.4375 0.40625
v 0.125 0.4375 0.34375
v 0.125 0.375 0.40625
v 0.125 0.375 0.34375
v 0.0625 0.4375 0.34375
v 0.0625 0.4375 0.40625
v 0.0625 0.375 0.34375
v 0.0625 0.375 0.40625
vt 0.21875 0.625
vt 0.234375 0.625
vt 0.234375 0.609375
vt 0.21875 0.609375
vt 0.203125 0.625
vt 0.21875 0.625
vt 0.21875 0.609375
vt 0.203125 0.609375
vt 0.25 0.625
vt 0.265625 0.625
vt 0.265625 0.609375
vt 0.25 0.609375
vt 0.234375 0.625
vt 0.25 0.625
vt 0.25 0.609375
vt 0.234375 0.609375
vt 0.234375 0.625
vt 0.21875 0.625
vt 0.21875 0.640625
vt 0.234375 0.640625
vt 0.25 0.640625
vt 0.234375 0.640625
vt 0.234375 0.625
vt 0.25 0.625
vn 0 0 -1
vn 1 0 0
vn 0 0 1
vn -1 0 0
vn 0 1 0
vn 0 -1 0
usemtl m_0077fcda-1675-7599-3330-c493bf41763c
f 52/148/37 55/147/37 53/146/37 50/145/37
f 51/152/38 52/151/38 50/150/38 49/149/38
f 56/156/39 51/155/39 49/154/39 54/153/39
f 55/160/40 56/159/40 54/158/40 53/157/40
f 54/164/41 49/163/41 50/162/41 53/161/41
f 55/168/42 52/167/42 51/166/42 56/165/42
o cube
v -0.0625 0.4375 0.40625
v -0.0625 0.4375 0.34375
v -0.0625 0.375 0.40625
v -0.0625 0.375 0.34375
v -0.125 0.4375 0.34375
v -0.125 0.4375 0.40625
v -0.125 0.375 0.34375
v -0.125 0.375 0.40625
vt 0.109375 0.703125
vt 0.125 0.703125
vt 0.125 0.6875
vt 0.109375 0.6875
vt 0.09375 0.703125
vt 0.109375 0.703125
vt 0.109375 0.6875
vt 0.09375 0.6875
vt 0.140625 0.703125
vt 0.15625 0.703125
vt 0.15625 0.6875
vt 0.140625 0.6875
vt 0.125 0.703125
vt 0.140625 0.703125
vt 0.140625 0.6875
vt 0.125 0.6875
vt 0.125 0.703125
vt 0.109375 0.703125
vt 0.109375 0.71875
vt 0.125 0.71875
vt 0.140625 0.71875
vt 0.125 0.71875
vt 0.125 0.703125
vt 0.140625 0.703125
vn 0 0 -1
vn 1 0 0
vn 0 0 1
vn -1 0 0
vn 0 1 0
vn 0 -1 0
usemtl m_0077fcda-1675-7599-3330-c493bf41763c
f 60/172/43 63/171/43 61/170/43 58/169/43
f 59/176/44 60/175/44 58/174/44 57/173/44
f 64/180/45 59/179/45 57/178/45 62/177/45
f 63/184/46 64/183/46 62/182/46 61/181/46
f 62/188/47 57/187/47 58/186/47 61/185/47
f 63/192/48 60/191/48 59/190/48 64/189/48
o cube
v -0.0625 0.4375 -0.34375
v -0.0625 0.4375 -0.40625
v -0.0625 0.375 -0.34375
v -0.0625 0.375 -0.40625
v -0.125 0.4375 -0.40625
v -0.125 0.4375 -0.34375
v -0.125 0.375 -0.40625
v -0.125 0.375 -0.34375
vt 0.109375 0.765625
vt 0.125 0.765625
vt 0.125 0.75
vt 0.109375 0.75
vt 0.09375 0.765625
vt 0.109375 0.765625
vt 0.109375 0.75
vt 0.09375 0.75
vt 0.140625 0.765625
vt 0.15625 0.765625
vt 0.15625 0.75
vt 0.140625 0.75
vt 0.125 0.765625
vt 0.140625 0.765625
vt 0.140625 0.75
vt 0.125 0.75
vt 0.125 0.765625
vt 0.109375 0.765625
vt 0.109375 0.78125
vt 0.125 0.78125
vt 0.140625 0.78125
vt 0.125 0.78125
vt 0.125 0.765625
vt 0.140625 0.765625
vn 0 0 -1
vn 1 0 0
vn 0 0 1
vn -1 0 0
vn 0 1 0
vn 0 -1 0
usemtl m_0077fcda-1675-7599-3330-c493bf41763c
f 68/196/49 71/195/49 69/194/49 66/193/49
f 67/200/50 68/199/50 66/198/50 65/197/50
f 72/204/51 67/203/51 65/202/51 70/201/51
f 71/208/52 72/207/52 70/206/52 69/205/52
f 70/212/53 65/211/53 66/210/53 69/209/53
f 71/216/54 68/215/54 67/214/54 72/213/54
o cube
v 0.125 0.4375 -0.40625
v 0.125 0.4375 -0.46875
v 0.125 0.375 -0.40625
v 0.125 0.375 -0.46875
v -0.125 0.4375 -0.46875
v -0.125 0.4375 -0.40625
v -0.125 0.375 -0.46875
v -0.125 0.375 -0.40625
vt 0.015625 0.859375
vt 0.078125 0.859375
vt 0.078125 0.84375
vt 0.015625 0.84375
vt 0 0.859375
vt 0.015625 0.859375
vt 0.015625 0.84375
vt 0 0.84375
vt 0.09375 0.859375
vt 0.15625 0.859375
vt 0.15625 0.84375
vt 0.09375 0.84375
vt 0.078125 0.859375
vt 0.09375 0.859375
vt 0.09375 0.84375
vt 0.078125 0.84375
vt 0.078125 0.859375
vt 0.015625 0.859375
vt 0.015625 0.875
vt 0.078125 0.875
vt 0.140625 0.875
vt 0.078125 0.875
vt 0.078125 0.859375
vt 0.140625 0.859375
vn 0 0 -1
vn 1 0 0
vn 0 0 1
vn -1 0 0
vn 0 1 0
vn 0 -1 0
usemtl m_0077fcda-1675-7599-3330-c493bf41763c
f 76/220/55 79/219/55 77/218/55 74/217/55
f 75/224/56 76/223/56 74/222/56 73/221/56
f 80/228/57 75/227/57 73/226/57 78/225/57
f 79/232/58 80/231/58 78/230/58 77/229/58
f 78/236/59 73/235/59 74/234/59 77/233/59
f 79/240/60 76/239/60 75/238/60 80/237/60
o cube
v 0.125 0.4375 -0.34375
v 0.125 0.4375 -0.40625
v 0.125 0.375 -0.34375
v 0.125 0.375 -0.40625
v 0.0625 0.4375 -0.40625
v 0.0625 0.4375 -0.34375
v 0.0625 0.375 -0.40625
v 0.0625 0.375 -0.34375
vt 0.109375 0.984375
vt 0.125 0.984375
vt 0.125 0.96875
vt 0.109375 0.96875
vt 0.09375 0.984375
vt 0.109375 0.984375
vt 0.109375 0.96875
vt 0.09375 0.96875
vt 0.140625 0.984375
vt 0.15625 0.984375
vt 0.15625 0.96875
vt 0.140625 0.96875
vt 0.125 0.984375
vt 0.140625 0.984375
vt 0.140625 0.96875
vt 0.125 0.96875
vt 0.125 0.984375
vt 0.109375 0.984375
vt 0.109375 1
vt 0.125 1
vt 0.140625 1
vt 0.125 1
vt 0.125 0.984375
vt 0.140625 0.984375
vn 0 0 -1
vn 1 0 0
vn 0 0 1
vn -1 0 0
vn 0 1 0
vn 0 -1 0
usemtl m_0077fcda-1675-7599-3330-c493bf41763c
f 84/244/61 87/243/61 85/242/61 82/241/61
f 83/248/62 84/247/62 82/246/62 81/245/62
f 88/252/63 83/251/63 81/250/63 86/249/63
f 87/256/64 88/255/64 86/254/64 85/253/64
f 86/260/65 81/259/65 82/258/65 85/257/65
f 87/264/66 84/263/66 83/262/66 88/261/66
o cube
v 0.0408131969527471 0.6891604392567743 -0.23991487694976232
v 0.07840142189078125 0.6295531298350101 -0.34315776537073694
v 0.0408131969527471 0.3644009128376099 -0.05241487694976221
v 0.07840142189078125 0.3047936034158457 -0.15565776537073683
v -0.0408131969527471 0.6107590173659931 -0.3757101230502382
v -0.07840142189078125 0.6703663267877573 -0.2724672346292636
v -0.0408131969527471 0.28599949094682864 -0.1882101230502381
v -0.07840142189078125 0.3456068003685928 -0.08496723462926353
vt 0.03125 0.96875
vt 0.0625 0.96875
vt 0.0625 0.875
vt 0.03125 0.875
vt 0 0.96875
vt 0.03125 0.96875
vt 0.03125 0.875
vt 0 0.875
vt 0.09375 0.96875
vt 0.125 0.96875
vt 0.125 0.875
vt 0.09375 0.875
vt 0.0625 0.96875
vt 0.09375 0.96875
vt 0.09375 0.875
vt 0.0625 0.875
vt 0.0625 0.96875
vt 0.03125 0.96875
vt 0.03125 1
vt 0.0625 1
vt 0.09375 1
vt 0.0625 1
vt 0.0625 0.96875
vt 0.09375 0.96875
vn 0.3007057995042731 -0.4768584753741138 -0.8259431073677966
vn 0.9537169507482269 0.15035289975213664 0.2604188614360105
vn -0.3007057995042731 0.4768584753741138 0.8259431073677966
vn -0.9537169507482269 -0.15035289975213664 -0.2604188614360105
vn 2.7755575615628914e-17 0.8660254037844385 -0.5000000000000003
vn -2.7755575615628914e-17 -0.8660254037844385 0.5000000000000003
usemtl m_0077fcda-1675-7599-3330-c493bf41763c
f 92/268/67 95/267/67 93/266/67 90/265/67
f 91/272/68 92/271/68 90/270/68 89/269/68
f 96/276/69 91/275/69 89/274/69 94/273/69
f 95/280/70 96/279/70 94/278/70 93/277/70
f 94/284/71 89/283/71 90/282/71 93/281/71
f 95/288/72 92/287/72 91/286/72 96/285/72
o cube
v 0.02170798290744025 0.7625968663550997 -0.19434564799462906
v 0.05755651017938057 0.73830072265057 -0.3116042531949375
v 0.0330109801393782 0.6414297142981549 -0.16578407387862443
v 0.06885950741131863 0.6171335705936252 -0.2830426790789329
v -0.061658108664147726 0.7195066101815528 -0.34415661087443883
v -0.09750663593608816 0.7438027538860825 -0.22689800567413032
v -0.05035511143220972 0.5983394581246082 -0.3155950367584342
v -0.08620363870415015 0.6226356018291379 -0.19833643155812575
vt 0.03125 0.6875
vt 0.0625 0.6875
vt 0.0625 0.65625
vt 0.03125 0.65625
vt 0 0.6875
vt 0.03125 0.6875
vt 0.03125 0.65625
vt 0 0.65625
vt 0.09375 0.6875
vt 0.125 0.6875
vt 0.125 0.65625
vt 0.09375 0.65625
vt 0.0625 0.6875
vt 0.09375 0.6875
vt 0.09375 0.65625
vt 0.0625 0.65625
vt 0.0625 0.6875
vt 0.03125 0.6875
vt 0.03125 0.71875
vt 0.0625 0.71875
vt 0.09375 0.71875
vt 0.0625 0.71875
vt 0.0625 0.6875
vt 0.09375 0.6875
vn 0.286788218175523 -0.1943691496362378 -0.9380688416024671
vn 0.953716950748227 0.15035289975213664 0.26041886143601045
vn -0.286788218175523 0.1943691496362378 0.9380688416024671
vn -0.953716950748227 -0.15035289975213664 -0.26041886143601045
vn -0.09042397785550405 0.9693372164555583 -0.2284925929280368
vn 0.09042397785550405 -0.9693372164555583 0.2284925929280368
usemtl m_0077fcda-1675-7599-3330-c493bf41763c
f 100/292/73 103/291/73 101/290/73 98/289/73
f 99/296/74 100/295/74 98/294/74 97/293/74
f 104/300/75 99/299/75 97/298/75 102/297/75
f 103/304/76 104/303/76 102/302/76 101/301/76
f 102/308/77 97/307/77 98/306/77 101/305/77
f 103/312/78 100/311/78 99/310/78 104/309/78
o cube
v 0.05279832521190608 0.6930965075370699 -0.3280794558539592
v 0.0894955591336346 0.6114718538464772 -0.41534759971175406
v 0.04466274431769934 0.6003107476038085 -0.24471510449727296
v 0.08135997823942798 0.5186860939132161 -0.3319832483550678
v -0.02971905970989369 0.5926777413774602 -0.4478999573912553
v -0.06641629363162233 0.6743023950680527 -0.3606318135334605
v -0.037854640604100376 0.4998919814441989 -0.36453560603456914
v -0.07455187452582901 0.5815166351347916 -0.2772674621767743
vt 0.03125 0.75
vt 0.0625 0.75
vt 0.0625 0.71875
vt 0.03125 0.71875
vt 0 0.75
vt 0.03125 0.75
vt 0.03125 0.71875
vt 0 0.71875
vt 0.09375 0.75
vt 0.125 0.75
vt 0.125 0.71875
vt 0.09375 0.71875
vt 0.0625 0.75
vt 0.09375 0.75
vt 0.09375 0.71875
vt 0.0625 0.71875
vt 0.0625 0.75
vt 0.03125 0.75
vt 0.03125 0.78125
vt 0.0625 0.78125
vt 0.09375 0.78125
vt 0.0625 0.78125
vt 0.0625 0.75
vt 0.09375 0.75
vn 0.29357787137382907 -0.6529972295247399 -0.6981451508623587
vn 0.953716950748227 0.15035289975213664 0.2604188614360105
vn -0.29357787137382907 0.6529972295247399 0.6981451508623587
vn -0.953716950748227 -0.15035289975213664 -0.2604188614360105
vn 0.06508464715365347 0.7422860794660898 -0.66691481085349
vn -0.06508464715365347 -0.7422860794660898 0.66691481085349
usemtl m_0077fcda-1675-7599-3330-c493bf41763c
f 108/316/79 111/315/79 109/314/79 106/313/79
f 107/320/80 108/319/80 106/318/80 105/317/80
f 112/324/81 107/323/81 105/322/81 110/321/81
f 111/328/82 112/327/82 110/326/82 109/325/82
f 110/332/83 105/331/83 106/330/83 109/329/83
f 111/336/84 108/335/84 107/334/84 112/333/84
o cube
v -0.06996721634057923 0.427116830800253 -0.011332995608667407
v -0.05896204555678325 0.4628292257662915 -0.0614305111339819
v -0.03789161480400788 0.32552008655375453 -0.0767108002871566
v -0.026886444020211897 0.36123248151979304 -0.12680831581247115
v -0.2965474041136188 0.4344319764861071 -0.1338652654494274
v -0.30755257489741483 0.3987195815200686 -0.08376774992411284
v -0.2644718025770475 0.33283523223960865 -0.19924307012791664
v -0.2754769733608434 0.29712283727357014 -0.14914555460260204
vt 0.015625 0.8125
vt 0.078125 0.8125
vt 0.078125 0.78125
vt 0.015625 0.78125
vt 0 0.8125
vt 0.015625 0.8125
vt 0.015625 0.78125
vt 0 0.78125
vt 0.09375 0.8125
vt 0.15625 0.8125
vt 0.15625 0.78125
vt 0.09375 0.78125
vt 0.078125 0.8125
vt 0.09375 0.8125
vt 0.09375 0.78125
vt 0.078125 0.78125
vt 0.078125 0.8125
vt 0.015625 0.8125
vt 0.015625 0.828125
vt 0.078125 0.828125
vt 0.140625 0.828125
vt 0.078125 0.828125
vt 0.078125 0.8125
vt 0.140625 0.8125
vn 0.17608273254073603 0.5713983194566175 -0.8015602484050348
vn 0.9503414342273424 0.11358899712073733 0.289739017261782
vn -0.17608273254073603 -0.5713983194566175 0.8015602484050348
vn -0.9503414342273424 -0.11358899712073733 -0.289739017261782
vn -0.2566048122925711 0.8127739539719876 0.5230224374279138
vn 0.2566048122925711 -0.8127739539719876 -0.5230224374279138
usemtl m_0077fcda-1675-7599-3330-c493bf41763c
f 116/340/85 119/339/85 117/338/85 114/337/85
f 115/344/86 116/343/86 114/342/86 113/341/86
f 120/348/87 115/347/87 113/346/87 118/345/87
f 119/352/88 120/351/88 118/350/88 117/349/88
f 118/356/89 113/355/89 114/354/89 117/353/89
f 119/360/90 116/359/90 115/358/90 120/357/90
o cube
v 0.06486326370612427 0.3905170833170959 0.05469547920981077
v 0.07586843448992031 0.4262294782831345 0.004597963684496054
v 0.08090106447440992 0.33971871119384667 0.022006576870566175
v 0.09190623525820596 0.3754311061598853 -0.028090938654748543
v -0.28050960334533315 0.383633604362858 -0.10405416778867216
v -0.29151477412912913 0.34792120939681936 -0.05395665226335744
v -0.26447180257704744 0.33283523223960876 -0.13674307012791675
v -0.2754769733608434 0.29712283727357014 -0.08664555460260204
vt 0.515625 0.671875
vt 0.609375 0.671875
vt 0.609375 0.65625
vt 0.515625 0.65625
vt 0.5 0.671875
vt 0.515625 0.671875
vt 0.515625 0.65625
vt 0.5 0.65625
vt 0.625 0.671875
vt 0.71875 0.671875
vt 0.71875 0.65625
vt 0.625 0.65625
vt 0.609375 0.671875
vt 0.625 0.671875
vt 0.625 0.65625
vt 0.609375 0.65625
vt 0.609375 0.671875
vt 0.515625 0.671875
vt 0.515625 0.6875
vt 0.609375 0.6875
vt 0.703125 0.6875
vt 0.609375 0.6875
vt 0.609375 0.671875
vt 0.703125 0.671875
vn 0.17608273254073603 0.5713983194566175 -0.8015602484050348
vn 0.9503414342273424 0.11358899712073733 0.289739017261782
vn -0.17608273254073603 -0.5713983194566175 0.8015602484050348
vn -0.9503414342273424 -0.11358899712073733 -0.289739017261782
vn -0.2566048122925711 0.8127739539719876 0.5230224374279138
vn 0.2566048122925711 -0.8127739539719876 -0.5230224374279138
usemtl m_0077fcda-1675-7599-3330-c493bf41763c
f 124/364/91 127/363/91 125/362/91 122/361/91
f 123/368/92 124/367/92 122/366/92 121/365/92
f 128/372/93 123/371/93 121/370/93 126/369/93
f 127/376/94 128/375/94 126/374/94 125/373/94
f 126/380/95 121/379/95 122/378/95 125/377/95
f 127/384/96 124/383/96 123/382/96 128/381/96
o cube
v 0.1082218025770475 0.44841476776039124 0.20549307012791673
v 0.11922697336084354 0.48412716272642986 0.15539555460260202
v 0.1402974041136188 0.3468180235138928 0.14011526544942754
v 0.15130257489741483 0.3825304184799314 0.09001774992411282
v -0.2965474041136188 0.4344319764861072 0.028634734550572527
v -0.30755257489741483 0.3987195815200686 0.07873225007588713
v -0.26447180257704744 0.33283523223960876 -0.03674307012791672
v -0.2754769733608434 0.29712283727357014 0.01335444539739794
vt 0.515625 0.8125
vt 0.625 0.8125
vt 0.625 0.78125
vt 0.515625 0.78125
vt 0.5 0.8125
vt 0.515625 0.8125
vt 0.515625 0.78125
vt 0.5 0.78125
vt 0.640625 0.8125
vt 0.75 0.8125
vt 0.75 0.78125
vt 0.640625 0.78125
vt 0.625 0.8125
vt 0.640625 0.8125
vt 0.640625 0.78125
vt 0.625 0.78125
vt 0.625 0.8125
vt 0.515625 0.8125
vt 0.515625 0.828125
vt 0.625 0.828125
vt 0.734375 0.828125
vt 0.625 0.828125
vt 0.625 0.8125
vt 0.734375 0.8125
vn 0.17608273254073603 0.5713983194566175 -0.8015602484050348
vn 0.9503414342273424 0.11358899712073733 0.289739017261782
vn -0.17608273254073603 -0.5713983194566175 0.8015602484050348
vn -0.9503414342273424 -0.11358899712073733 -0.289739017261782
vn -0.2566048122925711 0.8127739539719876 0.5230224374279138
vn 0.2566048122925711 -0.8127739539719876 -0.5230224374279138
usemtl m_0077fcda-1675-7599-3330-c493bf41763c
f 132/388/97 135/387/97 133/386/97 130/385/97
f 131/392/98 132/391/98 130/390/98 129/389/98
f 136/396/99 131/395/99 129/394/99 134/393/99
f 135/400/100 136/399/100 134/398/100 133/397/100
f 134/404/101 129/403/101 130/402/101 133/401/101
f 135/408/102 132/407/102 131/406/102 136/405/102
o cube
v 0.048825462937838515 0.4413154554403451 0.24988438154905535
v 0.05983063372163455 0.47702785040638374 0.19978686602374074
v 0.08090106447440992 0.33971871119384667 0.18450657687056615
v 0.09190623525820596 0.3754311061598853 0.13440906134525143
v -0.2965474041136188 0.4344319764861072 0.09113473455057253
v -0.30755257489741483 0.3987195815200686 0.14123225007588713
v -0.2644718025770475 0.33283523223960876 0.025756929872083223
v -0.2754769733608434 0.29712283727357014 0.07585444539739794
vt 0.515625 0.71875
vt 0.609375 0.71875
vt 0.609375 0.6875
vt 0.515625 0.6875
vt 0.5 0.71875
vt 0.515625 0.71875
vt 0.515625 0.6875
vt 0.5 0.6875
vt 0.625 0.71875
vt 0.71875 0.71875
vt 0.71875 0.6875
vt 0.625 0.6875
vt 0.609375 0.71875
vt 0.625 0.71875
vt 0.625 0.6875
vt 0.609375 0.6875
vt 0.609375 0.71875
vt 0.515625 0.71875
vt 0.515625 0.734375
vt 0.609375 0.734375
vt 0.703125 0.734375
vt 0.609375 0.734375
vt 0.609375 0.71875
vt 0.703125 0.71875
vn 0.17608273254073603 0.5713983194566175 -0.8015602484050348
vn 0.9503414342273424 0.11358899712073733 0.289739017261782
vn -0.17608273254073603 -0.5713983194566175 0.8015602484050348
vn -0.9503414342273424 -0.11358899712073733 -0.289739017261782
vn -0.2566048122925711 0.8127739539719876 0.5230224374279138
vn 0.2566048122925711 -0.8127739539719876 -0.5230224374279138
usemtl m_0077fcda-1675-7599-3330-c493bf41763c
f 140/412/103 143/411/103 141/410/103 138/409/103
f 139/416/104 140/415/104 138/414/104 137/413/104
f 144/420/105 139/419/105 137/418/105 142/417/105
f 143/424/106 144/423/106 142/422/106 141/421/106
f 142/428/107 137/427/107 138/426/107 141/425/107
f 143/432/108 140/431/108 139/430/108 144/429/108
o cube
v 0.25470786600920636 0.4565385844104686 -0.08979617321398892
v 0.30562627945769494 0.43094433102892804 -0.11545741569618906
v 0.21682787734339404 0.3434995707831794 -0.05221575468455475
v 0.2677462907918826 0.31790531740163874 -0.07787699716675489
v 0.21292473643372833 0.4083486258959863 -0.2768640699286612
v 0.16200632298523976 0.43394287927752695 -0.2512028274464611
v 0.175044747767916 0.295309612268697 -0.23928365139922703
v 0.12412633431942743 0.32090386565023765 -0.21362240891702694
vt 0.015625 0.5625
vt 0.0625 0.5625
vt 0.0625 0.53125
vt 0.015625 0.53125
vt 0 0.5625
vt 0.015625 0.5625
vt 0.015625 0.53125
vt 0 0.53125
vt 0.078125 0.5625
vt 0.125 0.5625
vt 0.125 0.53125
vt 0.078125 0.53125
vt 0.0625 0.5625
vt 0.078125 0.5625
vt 0.078125 0.53125
vt 0.0625 0.53125
vt 0.0625 0.5625
vt 0.015625 0.5625
vt 0.015625 0.578125
vt 0.0625 0.578125
vt 0.109375 0.578125
vt 0.0625 0.578125
vt 0.0625 0.5625
vt 0.109375 0.5625
vn 0.8146946151758176 -0.4095080541046504 -0.4105798797152014
vn 0.49440822946115504 0.1205104273756892 0.8608354892398518
vn -0.8146946151758176 0.4095080541046504 0.4105798797152014
vn -0.49440822946115504 -0.1205104273756892 -0.8608354892398518
vn 0.30303990932649827 0.9043121090183143 -0.3006433482354734
vn -0.30303990932649827 -0.9043121090183143 0.3006433482354734
usemtl m_0077fcda-1675-7599-3330-c493bf41763c
f 148/436/109 151/435/109 149/434/109 146/433/109
f 147/440/110 148/439/110 146/438/110 145/437/110
f 152/444/111 147/443/111 145/442/111 150/441/111
f 151/448/112 152/447/112 150/446/112 149/445/112
f 150/452/113 145/451/113 146/450/113 149/449/113
f 151/456/114 148/455/114 147/454/114 152/453/114
o cube
v 0.048825462937838515 0.4413154554403451 0.31238438154905535
v 0.05983063372163455 0.47702785040638374 0.26228686602374074
v 0.08090106447440992 0.33971871119384667 0.24700657687056615
v 0.09190623525820596 0.3754311061598853 0.19690906134525143
v -0.2965474041136188 0.4344319764861072 0.15363473455057253
v -0.30755257489741483 0.3987195815200686 0.20373225007588713
v -0.2644718025770475 0.33283523223960876 0.08825692987208322
v -0.2754769733608434 0.29712283727357014 0.13835444539739794
vt 0.515625 0.765625
vt 0.609375 0.765625
vt 0.609375 0.734375
vt 0.515625 0.734375
vt 0.5 0.765625
vt 0.515625 0.765625
vt 0.515625 0.734375
vt 0.5 0.734375
vt 0.625 0.765625
vt 0.71875 0.765625
vt 0.71875 0.734375
vt 0.625 0.734375
vt 0.609375 0.765625
vt 0.625 0.765625
vt 0.625 0.734375
vt 0.609375 0.734375
vt 0.609375 0.765625
vt 0.515625 0.765625
vt 0.515625 0.78125
vt 0.609375 0.78125
vt 0.703125 0.78125
vt 0.609375 0.78125
vt 0.609375 0.765625
vt 0.703125 0.765625
vn 0.17608273254073603 0.5713983194566175 -0.8015602484050348
vn 0.9503414342273424 0.11358899712073733 0.289739017261782
vn -0.17608273254073603 -0.5713983194566175 0.8015602484050348
vn -0.9503414342273424 -0.11358899712073733 -0.289739017261782
vn -0.2566048122925711 0.8127739539719876 0.5230224374279138
vn 0.2566048122925711 -0.8127739539719876 -0.5230224374279138
usemtl m_0077fcda-1675-7599-3330-c493bf41763c
f 156/460/115 159/459/115 157/458/115 154/457/115
f 155/464/116 156/463/116 154/462/116 153/461/116
f 160/468/117 155/467/117 153/466/117 158/465/117
f 159/472/118 160/471/118 158/470/118 157/469/118
f 158/476/119 153/475/119 154/474/119 157/473/119
f 159/480/120 156/479/120 155/478/120 160/477/120
o cube
v 0.25055168404356354 0.3892176447386284 0.25982255322171033
v 0.2615568548273597 0.42493003970466703 0.20972503769639572
v 0.2665894848118493 0.3384192726153792 0.22713365088246573
v 0.2775946555956452 0.3741316675814177 0.17703613535715101
v 0.14276417554894183 0.4107314150645749 0.17350766053867295
v 0.1317590047651458 0.37501902009853616 0.22360517606398767
v 0.15880197631722748 0.35993304294132566 0.14081875819942835
v 0.14779680553343155 0.32422064797528694 0.19091627372474296
vt 0.21875 0.65625
vt 0.25 0.65625
vt 0.25 0.640625
vt 0.21875 0.640625
vt 0.203125 0.65625
vt 0.21875 0.65625
vt 0.21875 0.640625
vt 0.203125 0.640625
vt 0.265625 0.65625
vt 0.296875 0.65625
vt 0.296875 0.640625
vt 0.265625 0.640625
vt 0.25 0.65625
vt 0.265625 0.65625
vt 0.265625 0.640625
vt 0.25 0.640625
vt 0.25 0.65625
vt 0.21875 0.65625
vt 0.21875 0.671875
vt 0.25 0.671875
vt 0.28125 0.671875
vt 0.25 0.671875
vt 0.25 0.65625
vt 0.28125 0.65625
vn 0.17608273254073603 0.5713983194566175 -0.8015602484050348
vn 0.9503414342273424 0.11358899712073733 0.289739017261782
vn -0.17608273254073603 -0.5713983194566175 0.8015602484050348
vn -0.9503414342273424 -0.11358899712073733 -0.289739017261782
vn -0.2566048122925711 0.8127739539719876 0.5230224374279138
vn 0.2566048122925711 -0.8127739539719876 -0.5230224374279138
usemtl m_0077fcda-1675-7599-3330-c493bf41763c
f 164/484/121 167/483/121 165/482/121 162/481/121
f 163/488/122 164/487/122 162/486/122 161/485/122
f 168/492/123 163/491/123 161/490/123 166/489/123
f 167/496/124 168/495/124 166/494/124 165/493/124
f 166/500/125 161/499/125 162/498/125 165/497/125
f 167/504/126 164/503/126 163/502/126 168/501/126
o cube
v 0.23908286600920636 0.4565385844104686 0.019578826786011083
v 0.29000127945769494 0.43094433102892804 -0.0060824156961890585
v 0.20120287734339404 0.3434995707831794 0.05715924531544525
v 0.2521212907918826 0.31790531740163874 0.03149800283324511
v 0.19729973643372833 0.4083486258959863 -0.1674890699286612
v 0.14638132298523976 0.43394287927752695 -0.1418278274464611
v 0.159419747767916 0.295309612268697 -0.12990865139922703
v 0.10850133431942743 0.32090386565023765 -0.10424740891702694
vt 0.015625 0.609375
vt 0.0625 0.609375
vt 0.0625 0.578125
vt 0.015625 0.578125
vt 0 0.609375
vt 0.015625 0.609375
vt 0.015625 0.578125
vt 0 0.578125
vt 0.078125 0.609375
vt 0.125 0.609375
vt 0.125 0.578125
vt 0.078125 0.578125
vt 0.0625 0.609375
vt 0.078125 0.609375
vt 0.078125 0.578125
vt 0.0625 0.578125
vt 0.0625 0.609375
vt 0.015625 0.609375
vt 0.015625 0.625
vt 0.0625 0.625
vt 0.109375 0.625
vt 0.0625 0.625
vt 0.0625 0.609375
vt 0.109375 0.609375
vn 0.8146946151758176 -0.4095080541046504 -0.4105798797152014
vn 0.49440822946115504 0.1205104273756892 0.8608354892398518
vn -0.8146946151758176 0.4095080541046504 0.4105798797152014
vn -0.49440822946115504 -0.1205104273756892 -0.8608354892398518
vn 0.30303990932649827 0.9043121090183143 -0.3006433482354734
vn -0.30303990932649827 -0.9043121090183143 0.3006433482354734
usemtl m_0077fcda-1675-7599-3330-c493bf41763c
f 172/508/127 175/507/127 173/506/127 170/505/127
f 171/512/128 172/511/128 170/510/128 169/509/128
f 176/516/129 171/515/129 169/514/129 174/513/129
f 175/520/130 176/519/130 174/518/130 173/517/130
f 174/524/131 169/523/131 170/522/131 173/521/131
f 175/528/132 172/527/132 171/526/132 176/525/132
o liquid
v 0.3125 0.375 0.3125
v 0.3125 0.375 -0.3125
v 0.3125 0.375 0.3125
v 0.3125 0.375 -0.3125
v -0.3125 0.375 -0.3125
v -0.3125 0.375 0.3125
v -0.3125 0.375 -0.3125
v -0.3125 0.375 0.3125
vt 0.15625 0.671875
vt 0.3125 0.671875
vt 0.3125 0.671875
vt 0.15625 0.671875
vt 0 0.671875
vt 0.15625 0.671875
vt 0.15625 0.671875
vt 0 0.671875
vt 0.46875 0.671875
vt 0.625 0.671875
vt 0.625 0.671875
vt 0.46875 0.671875
vt 0.3125 0.671875
vt 0.46875 0.671875
vt 0.46875 0.671875
vt 0.3125 0.671875
vt 0.3125 0.671875
vt 0.15625 0.671875
vt 0.15625 0.828125
vt 0.3125 0.828125
vt 0.46875 0.828125
vt 0.3125 0.828125
vt 0.3125 0.671875
vt 0.46875 0.671875
vn 0 0 -1
vn 1 0 0
vn 0 0 1
vn -1 0 0
vn 0 1 0
vn 0 -1 0
usemtl m_0077fcda-1675-7599-3330-c493bf41763c
f 180/532/133 183/531/133 181/530/133 178/529/133
f 179/536/134 180/535/134 178/534/134 177/533/134
f 184/540/135 179/539/135 177/538/135 182/537/135
f 183/544/136 184/543/136 182/542/136 181/541/136
f 182/548/137 177/547/137 178/546/137 181/545/137
f 183/552/138 180/551/138 179/550/138 184/549/138