# Made in Blockbench 4.6.4
mtllib froggle_bunwich.mtl

o cube
v 0.34375 0.006249999999999978 0.40625
v 0.34375 0.006249999999999978 -0.40625
v 0.34375 0.006249999999999978 0.40625
v 0.34375 0.006249999999999978 -0.40625
v -0.34375 0.006249999999999978 -0.40625
v -0.34375 0.006249999999999978 0.40625
v -0.34375 0.006249999999999978 -0.40625
v -0.34375 0.006249999999999978 0.40625
vt 0.203125 0.796875
vt 0.375 0.796875
vt 0.375 0.796875
vt 0.203125 0.796875
vt 0 0.796875
vt 0.203125 0.796875
vt 0.203125 0.796875
vt 0 0.796875
vt 0.578125 0.796875
vt 0.75 0.796875
vt 0.75 0.796875
vt 0.578125 0.796875
vt 0.375 0.796875
vt 0.578125 0.796875
vt 0.578125 0.796875
vt 0.375 0.796875
vt 0.375 0.796875
vt 0.203125 0.796875
vt 0.203125 1
vt 0.375 1
vt 0.546875 1
vt 0.375 1
vt 0.375 0.796875
vt 0.546875 0.796875
vn 0 0 -1
vn 1 0 0
vn 0 0 1
vn -1 0 0
vn 0 1 0
vn 0 -1 0
usemtl m_618c95a4-11ea-e055-14f5-4297c147d9e9
f 4/4/1 7/3/1 5/2/1 2/1/1
f 3/8/2 4/7/2 2/6/2 1/5/2
f 8/12/3 3/11/3 1/10/3 6/9/3
f 7/16/4 8/15/4 6/14/4 5/13/4
f 6/20/5 1/19/5 2/18/5 5/17/5
f 7/24/6 4/23/6 3/22/6 8/21/6
o cube
v 0.01272275999766459 0.1985925903239072 0.4111670148514983
v 0.2997353342714819 0.1985925903239072 -0.28174263453196674
v 0.00022500191378593826 0.1375740898789114 0.40599027395389775
v 0.28723757618760326 0.1375740898789114 -0.28691937542956725
v 0.017866615943169517 0.26622996967956436 -0.39849648047227554
v -0.26914595833064786 0.26622996967956436 0.2944131689111895
v 0.005368857859290865 0.20521146923456857 -0.4036732213698761
v -0.28164371641452646 0.20521146923456857 0.28923642801358895
vt 0.375 0.375
vt 0.453125 0.375
vt 0.453125 0.359375
vt 0.375 0.359375
vt 0.1875 0.375
vt 0.375 0.375
vt 0.375 0.359375
vt 0.1875 0.359375
vt 0.640625 0.375
vt 0.71875 0.375
vt 0.71875 0.359375
vt 0.640625 0.359375
vt 0.453125 0.375
vt 0.640625 0.375
vt 0.640625 0.359375
vt 0.453125 0.359375
vt 0.453125 0.375
vt 0.375 0.375
vt 0.375 0.5625
vt 0.453125 0.5625
vt 0.53125 0.5625
vt 0.453125 0.5625
vt 0.453125 0.375
vt 0.53125 0.375
vn 0.3826834323650897 0 -0.9238795325112867
vn 0.9019798986505999 -0.21643961393810288 0.3736123070089882
vn -0.3826834323650897 0 0.9238795325112867
vn -0.9019798986505999 0.21643961393810288 -0.3736123070089882
vn 0.19996412934205793 0.9762960071199335 0.08282785436160814
vn -0.19996412934205793 -0.9762960071199335 -0.08282785436160814
usemtl m_618c95a4-11ea-e055-14f5-4297c147d9e9
f 12/28/7 15/27/7 13/26/7 10/25/7
f 11/32/8 12/31/8 10/30/8 9/29/8
f 16/36/9 11/35/9 9/34/9 14/33/9
f 15/40/10 16/39/10 14/38/10 13/37/10
f 14/44/11 9/43/11 10/42/11 13/41/11
f 15/48/12 12/47/12 11/46/12 16/45/12
o cube
v -0.03115322558411926 0.27313856664003466 0.392992986561037
v 0.25585934868969806 0.27313856664003466 -0.299916662822428
v -0.04365098366799791 0.21212006619503865 0.3878162456634364
v 0.2433615906058194 0.21212006619503865 -0.3050934037200285
v 0.08673811769271056 0.3137209942534289 -0.3699689703866133
v -0.20027445658110676 0.3137209942534289 0.32294067899685164
v 0.07424035960883191 0.2527024938084329 -0.3751457112842138
v -0.21277221466498542 0.2527024938084329 0.3177639380992512
vt 0.1875 0.171875
vt 0.234375 0.171875
vt 0.234375 0.15625
vt 0.1875 0.15625
vt 0 0.171875
vt 0.1875 0.171875
vt 0.1875 0.15625
vt 0 0.15625
vt 0.421875 0.171875
vt 0.46875 0.171875
vt 0.46875 0.15625
vt 0.421875 0.15625
vt 0.234375 0.171875
vt 0.421875 0.171875
vt 0.421875 0.15625
vt 0.234375 0.15625
vt 0.234375 0.171875
vt 0.1875 0.171875
vt 0.1875 0.359375
vt 0.234375 0.359375
vt 0.28125 0.359375
vt 0.234375 0.359375
vt 0.234375 0.171875
vt 0.28125 0.171875
vn 0.3826834323650897 0 -0.9238795325112867
vn 0.9019798986505999 -0.21643961393810288 0.3736123070089882
vn -0.3826834323650897 0 0.9238795325112867
vn -0.9019798986505999 0.21643961393810288 -0.3736123070089882
vn 0.19996412934205793 0.9762960071199335 0.08282785436160814
vn -0.19996412934205793 -0.9762960071199335 -0.08282785436160814
usemtl m_618c95a4-11ea-e055-14f5-4297c147d9e9
f 20/52/13 23/51/13 21/50/13 18/49/13
f 19/56/14 20/55/14 18/54/14 17/53/14
f 24/60/15 19/59/15 17/58/15 22/57/15
f 23/64/16 24/63/16 22/62/16 21/61/16
f 22/68/17 17/67/17 18/66/17 21/65/17
f 23/72/18 20/71/18 19/70/18 24/69/18
o cube
v 0.0008498898179798431 0.13750001490116115 0.4062491109987778
v 0.2878624640917973 0.13750001490116115 -0.28666053838468725
v 0.0008498898179798431 0.01250001490116115 0.4062491109987778
v 0.2878624640917973 0.01250001490116115 -0.28666053838468725
v -0.0008498898179798986 0.13750001490116115 -0.40624911099877775
v -0.2878624640917972 0.13750001490116115 0.2866605383846872
v -0.0008498898179798986 0.01250001490116115 -0.40624911099877775
v -0.2878624640917972 0.01250001490116115 0.2866605383846872
vt 0.65625 0.796875
vt 0.734375 0.796875
vt 0.734375 0.765625
vt 0.65625 0.765625
vt 0.46875 0.796875
vt 0.65625 0.796875
vt 0.65625 0.765625
vt 0.46875 0.765625
vt 0.921875 0.796875
vt 1 0.796875
vt 1 0.765625
vt 0.921875 0.765625
vt 0.734375 0.796875
vt 0.921875 0.796875
vt 0.921875 0.765625
vt 0.734375 0.765625
vt 0.734375 0.796875
vt 0.65625 0.796875
vt 0.65625 0.984375
vt 0.734375 0.984375
vt 0.8125 0.984375
vt 0.734375 0.984375
vt 0.734375 0.796875
vt 0.8125 0.796875
vn 0.3826834323650897 0 -0.9238795325112867
vn 0.9238795325112867 0 0.3826834323650897
vn -0.3826834323650897 0 0.9238795325112867
vn -0.9238795325112867 0 -0.3826834323650897
vn 0 1 0
vn 0 -1 0
usemtl m_618c95a4-11ea-e055-14f5-4297c147d9e9
f 28/76/19 31/75/19 29/74/19 26/73/19
f 27/80/20 28/79/20 26/78/20 25/77/20
f 32/84/21 27/83/21 25/82/21 30/81/21
f 31/88/22 32/87/22 30/86/22 29/85/22
f 30/92/23 25/91/23 26/90/23 29/89/23
f 31/96/24 28/95/24 27/94/24 32/93/24
o tomato
v -0.0375034424003271 0.14687499999999998 0.45801215315002874
v 0.2973445609191264 0.14687499999999998 -0.3503824377973472
v -0.0375034424003271 0.14687499999999998 0.45801215315002874
v 0.2973445609191264 0.14687499999999998 -0.3503824377973472
v -0.1645952053365169 0.14687499999999998 -0.541724153979892
v -0.4994432086559704 0.14687499999999998 0.2666704369674838
v -0.1645952053365169 0.14687499999999998 -0.541724153979892
v -0.4994432086559704 0.14687499999999998 0.2666704369674838
vt 0 0.578125
vt 0.125 0.578125
vt 0.125 0.578125
vt 0 0.578125
vt -0.21875 0.578125
vt 0 0.578125
vt 0 0.578125
vt -0.21875 0.578125
vt 0.34375 0.578125
vt 0.46875 0.578125
vt 0.46875 0.578125
vt 0.34375 0.578125
vt 0.125 0.578125
vt 0.34375 0.578125
vt 0.34375 0.578125
vt 0.125 0.578125
vt 0.125 0.578125
vt 0 0.578125
vt 0 0.796875
vt 0.125 0.796875
vt 0.25 0.796875
vt 0.125 0.796875
vt 0.125 0.578125
vt 0.25 0.578125
vn 0.3826834323650897 0 -0.9238795325112867
vn 0.9238795325112867 0 0.3826834323650897
vn -0.3826834323650897 0 0.9238795325112867
vn -0.9238795325112867 0 -0.3826834323650897
vn 0 1 0
vn 0 -1 0
usemtl m_618c95a4-11ea-e055-14f5-4297c147d9e9
f 36/100/25 39/99/25 37/98/25 34/97/25
f 35/104/26 36/103/26 34/102/26 33/101/26
f 40/108/27 35/107/27 33/106/27 38/105/27
f 39/112/28 40/111/28 38/110/28 37/109/28
f 38/116/29 33/115/29 34/114/29 37/113/29
f 39/120/30 36/119/30 35/118/30 40/117/30
o cheese
v -0.08081029548679364 0.15937500000000004 0.4400738672579151
v 0.2540377078326599 0.15937500000000004 -0.3683207236894608
v -0.08081029548679364 0.15937500000000004 0.4400738672579151
v 0.2540377078326599 0.15937500000000004 -0.3683207236894608
v -0.15015958764102805 0.15937500000000004 -0.5357447253491875
v -0.48500759096048157 0.15937500000000004 0.2726498655981884
v -0.15015958764102805 0.15937500000000004 -0.5357447253491875
v -0.48500759096048157 0.15937500000000004 0.2726498655981884
vt 0.25 0.578125
vt 0.359375 0.578125
vt 0.359375 0.578125
vt 0.25 0.578125
vt 0.03125 0.578125
vt 0.25 0.578125
vt 0.25 0.578125
vt 0.03125 0.578125
vt 0.578125 0.578125
vt 0.6875 0.578125
vt 0.6875 0.578125
vt 0.578125 0.578125
vt 0.359375 0.578125
vt 0.578125 0.578125
vt 0.578125 0.578125
vt 0.359375 0.578125
vt 0.359375 0.578125
vt 0.25 0.578125
vt 0.25 0.796875
vt 0.359375 0.796875
vt 0.46875 0.796875
vt 0.359375 0.796875
vt 0.359375 0.578125
vt 0.46875 0.578125
vn 0.3826834323650897 0 -0.9238795325112867
vn 0.9238795325112867 0 0.3826834323650897
vn -0.3826834323650897 0 0.9238795325112867
vn -0.9238795325112867 0 -0.3826834323650897
vn 0 1 0
vn 0 -1 0
usemtl m_618c95a4-11ea-e055-14f5-4297c147d9e9
f 44/124/31 47/123/31 45/122/31 42/121/31
f 43/128/32 44/127/32 42/126/32 41/125/32
f 48/132/33 43/131/33 41/130/33 46/129/33
f 47/136/34 48/135/34 46/134/34 45/133/34
f 46/140/35 41/139/35 42/138/35 45/137/35
f 47/144/36 44/143/36 43/142/36 48/141/36
o frog
v -0.12411714857326017 0.171875 0.42213558136580154
v 0.21073085474619335 0.171875 -0.38625900958157433
v -0.12411714857326017 0.171875 0.42213558136580154
v 0.21073085474619335 0.171875 -0.38625900958157433
v -0.1357239699455392 0.171875 -0.5297652967184829
v -0.4705719732649927 0.171875 0.2786292942288928
v -0.1357239699455392 0.171875 -0.5297652967184829
v -0.4705719732649927 0.171875 0.2786292942288928
vt 0 0.359375
vt 0.09375 0.359375
vt 0.09375 0.359375
vt 0 0.359375
vt -0.21875 0.359375
vt 0 0.359375
vt 0 0.359375
vt -0.21875 0.359375
vt 0.3125 0.359375
vt 0.40625 0.359375
vt 0.40625 0.359375
vt 0.3125 0.359375
vt 0.09375 0.359375
vt 0.3125 0.359375
vt 0.3125 0.359375
vt 0.09375 0.359375
vt 0.09375 0.359375
vt 0 0.359375
vt 0 0.578125
vt 0.09375 0.578125
vt 0.1875 0.578125
vt 0.09375 0.578125
vt 0.09375 0.359375
vt 0.1875 0.359375
vn 0.3826834323650897 0 -0.9238795325112867
vn 0.9238795325112867 0 0.3826834323650897
vn -0.3826834323650897 0 0.9238795325112867
vn -0.9238795325112867 0 -0.3826834323650897
vn 0 1 0
vn 0 -1 0
usemtl m_618c95a4-11ea-e055-14f5-4297c147d9e9
f 52/148/37 55/147/37 53/146/37 50/145/37
f 51/152/38 52/151/38 50/150/38 49/149/38
f 56/156/39 51/155/39 49/154/39 54/153/39
f 55/160/40 56/159/40 54/158/40 53/157/40
f 54/164/41 49/163/41 50/162/41 53/161/41
f 55/168/42 52/167/42 51/166/42 56/165/42