# Made in Blockbench 4.6.4
mtllib turkey_dinner.mtl

o cube
v 0.4375 0.006249999999999978 0.4375
v 0.4375 0.006249999999999978 -0.4375
v 0.4375 0.006249999999999978 0.4375
v 0.4375 0.006249999999999978 -0.4375
v -0.4375 0.006249999999999978 -0.4375
v -0.4375 0.006249999999999978 0.4375
v -0.4375 0.006249999999999978 -0.4375
v -0.4375 0.006249999999999978 0.4375
vt 0.21875 0.78125
vt 0.4375 0.78125
vt 0.4375 0.78125
vt 0.21875 0.78125
vt 0 0.78125
vt 0.21875 0.78125
vt 0.21875 0.78125
vt 0 0.78125
vt 0.65625 0.78125
vt 0.875 0.78125
vt 0.875 0.78125
vt 0.65625 0.78125
vt 0.4375 0.78125
vt 0.65625 0.78125
vt 0.65625 0.78125
vt 0.4375 0.78125
vt 0.4375 0.78125
vt 0.21875 0.78125
vt 0.21875 1
vt 0.4375 1
vt 0.65625 1
vt 0.4375 1
vt 0.4375 0.78125
vt 0.65625 0.78125
vn 0 0 -1
vn 1 0 0
vn 0 0 1
vn -1 0 0
vn 0 1 0
vn 0 -1 0
usemtl m_15613950-4d98-e739-7685-d0ba0eb1cde5
f 4/4/1 7/3/1 5/2/1 2/1/1
f 3/8/2 4/7/2 2/6/2 1/5/2
f 8/12/3 3/11/3 1/10/3 6/9/3
f 7/16/4 8/15/4 6/14/4 5/13/4
f 6/20/5 1/19/5 2/18/5 5/17/5
f 7/24/6 4/23/6 3/22/6 8/21/6
o cube
v 0.0625 0.18250486640032637 0.501628776873563
v 0.0625 0.0063125000029685685 0.4375
v 0.0625 0.18250486640032637 0.501628776873563
v 0.0625 0.0063125000029685685 0.4375
v -0.0625 0.0063125000029685685 0.4375
v -0.0625 0.18250486640032637 0.501628776873563
v -0.0625 0.0063125000029685685 0.4375
v -0.0625 0.18250486640032637 0.501628776873563
vt 0.25 0.609375
vt 0.28125 0.609375
vt 0.28125 0.609375
vt 0.25 0.609375
vt 0.203125 0.609375
vt 0.25 0.609375
vt 0.25 0.609375
vt 0.203125 0.609375
vt 0.328125 0.609375
vt 0.359375 0.609375
vt 0.359375 0.609375
vt 0.328125 0.609375
vt 0.28125 0.609375
vt 0.328125 0.609375
vt 0.328125 0.609375
vt 0.28125 0.609375
vt 0.28125 0.609375
vt 0.25 0.609375
vt 0.25 0.65625
vt 0.28125 0.65625
vt 0.3125 0.65625
vt 0.28125 0.65625
vt 0.28125 0.609375
vt 0.3125 0.609375
vn 0 -0.9396926207859083 -0.3420201433256689
vn 1 0 0
vn 0 0.9396926207859083 0.3420201433256689
vn -1 0 0
vn 0 0.3420201433256689 -0.9396926207859083
vn 0 -0.3420201433256689 0.9396926207859083
usemtl m_15613950-4d98-e739-7685-d0ba0eb1cde5
f 12/28/7 15/27/7 13/26/7 10/25/7
f 11/32/8 12/31/8 10/30/8 9/29/8
f 16/36/9 11/35/9 9/34/9 14/33/9
f 15/40/10 16/39/10 14/38/10 13/37/10
f 14/44/11 9/43/11 10/42/11 13/41/11
f 15/48/12 12/47/12 11/46/12 16/45/12
o cube
v 0.3716345264191645 0.19999999999999996 -0.15124206131736284
v 0.2466345264191645 0.19999999999999996 -0.36774841226347255
v 0.3716345264191645 0.012499999999999956 -0.15124206131736284
v 0.2466345264191645 0.012499999999999956 -0.36774841226347255
v 0.030128175473054908 0.19999999999999996 -0.24274841226347255
v 0.1551281754730549 0.19999999999999996 -0.026242061317362897
v 0.030128175473054908 0.012499999999999956 -0.24274841226347255
v 0.1551281754730549 0.012499999999999956 -0.026242061317362897
vt 0.3125 0.59375
vt 0.375 0.59375
vt 0.375 0.546875
vt 0.3125 0.546875
vt 0.25 0.59375
vt 0.3125 0.59375
vt 0.3125 0.546875
vt 0.25 0.546875
vt 0.4375 0.59375
vt 0.5 0.59375
vt 0.5 0.546875
vt 0.4375 0.546875
vt 0.375 0.59375
vt 0.4375 0.59375
vt 0.4375 0.546875
vt 0.375 0.546875
vt 0.375 0.59375
vt 0.3125 0.59375
vt 0.3125 0.65625
vt 0.375 0.65625
vt 0.4375 0.65625
vt 0.375 0.65625
vt 0.375 0.59375
vt 0.4375 0.59375
vn -0.49999999999999994 0 -0.8660254037844387
vn 0.8660254037844387 0 -0.49999999999999994
vn 0.49999999999999994 0 0.8660254037844387
vn -0.8660254037844387 0 0.49999999999999994
vn 0 1 0
vn 0 -1 0
usemtl m_15613950-4d98-e739-7685-d0ba0eb1cde5
f 20/52/13 23/51/13 21/50/13 18/49/13
f 19/56/14 20/55/14 18/54/14 17/53/14
f 24/60/15 19/59/15 17/58/15 22/57/15
f 23/64/16 24/63/16 22/62/16 21/61/16
f 22/68/17 17/67/17 18/66/17 21/65/17
f 23/72/18 20/71/18 19/70/18 24/69/18
o cube
v 0.21998726886217157 0.5053121924114112 -0.2264028162345582
v 0.18900461694423987 0.49715430539765815 -0.280066343509637
v 0.22814515587592477 0.3813815847396851 -0.2122729414443313
v 0.19716250395799317 0.3732236977259318 -0.26593646871941007
v 0.13487802920771252 0.49715430539765815 -0.248816343509637
v 0.16586068112564412 0.5053121924114112 -0.1951528162345582
v 0.14303591622146572 0.3732236977259318 -0.23468646871941007
v 0.1740185681393973 0.3813815847396851 -0.1810229414443313
vt 0.015625 0.671875
vt 0.03125 0.671875
vt 0.03125 0.640625
vt 0.015625 0.640625
vt 0 0.671875
vt 0.015625 0.671875
vt 0.015625 0.640625
vt 0 0.640625
vt 0.046875 0.671875
vt 0.0625 0.671875
vt 0.0625 0.640625
vt 0.046875 0.640625
vt 0.03125 0.671875
vt 0.046875 0.671875
vt 0.046875 0.640625
vt 0.03125 0.640625
vt 0.03125 0.671875
vt 0.015625 0.671875
vt 0.015625 0.6875
vt 0.03125 0.6875
vt 0.046875 0.6875
vt 0.03125 0.6875
vt 0.03125 0.671875
vt 0.046875 0.671875
vn -0.49572243068690514 -0.13052619222005157 -0.858616436401261
vn 0.8660254037844388 -6.93889390390723e-18 -0.5
vn 0.49572243068690514 0.13052619222005157 0.858616436401261
vn -0.8660254037844388 6.93889390390723e-18 0.5
vn -0.06526309611002579 0.9914448613738106 -0.11303899832181545
vn 0.06526309611002579 -0.9914448613738106 0.11303899832181545
usemtl m_15613950-4d98-e739-7685-d0ba0eb1cde5
f 28/76/19 31/75/19 29/74/19 26/73/19
f 27/80/20 28/79/20 26/78/20 25/77/20
f 32/84/21 27/83/21 25/82/21 30/81/21
f 31/88/22 32/87/22 30/86/22 29/85/22
f 30/92/23 25/91/23 26/90/23 29/89/23
f 31/96/24 28/95/24 27/94/24 32/93/24
o cube
v 0.26959677764137746 0.38429182301517884 -0.20297662649043924
v 0.20763147380551428 0.36797604898767244 -0.3103036810405968
v 0.2818336081620072 0.1983959115075895 -0.18178181430509882
v 0.21986830432614402 0.182080137480083 -0.28910886885525644
v 0.09937829833245937 0.36797604898767244 -0.2478036810405968
v 0.16134360216832255 0.38429182301517884 -0.14047662649043924
v 0.11161512885308922 0.182080137480083 -0.22660886885525644
v 0.1735804326889524 0.1983959115075895 -0.11928181430509882
vt 0.421875 0.515625
vt 0.453125 0.515625
vt 0.453125 0.46875
vt 0.421875 0.46875
vt 0.390625 0.515625
vt 0.421875 0.515625
vt 0.421875 0.46875
vt 0.390625 0.46875
vt 0.484375 0.515625
vt 0.515625 0.515625
vt 0.515625 0.46875
vt 0.484375 0.46875
vt 0.453125 0.515625
vt 0.484375 0.515625
vt 0.484375 0.46875
vt 0.453125 0.46875
vt 0.453125 0.515625
vt 0.421875 0.515625
vt 0.421875 0.546875
vt 0.453125 0.546875
vt 0.484375 0.546875
vt 0.453125 0.546875
vt 0.453125 0.515625
vt 0.484375 0.515625
vn -0.49572243068690514 -0.13052619222005157 -0.858616436401261
vn 0.8660254037844388 -6.93889390390723e-18 -0.5
vn 0.49572243068690514 0.13052619222005157 0.858616436401261
vn -0.8660254037844388 6.93889390390723e-18 0.5
vn -0.06526309611002579 0.9914448613738106 -0.11303899832181545
vn 0.06526309611002579 -0.9914448613738106 0.11303899832181545
usemtl m_15613950-4d98-e739-7685-d0ba0eb1cde5
f 36/100/25 39/99/25 37/98/25 34/97/25
f 35/104/26 36/103/26 34/102/26 33/101/26
f 40/108/27 35/107/27 33/106/27 38/105/27
f 39/112/28 40/111/28 38/110/28 37/109/28
f 38/116/29 33/115/29 34/114/29 37/113/29
f 39/120/30 36/119/30 35/118/30 40/117/30
o cube
v 0.19681222829427192 0.5610749769486585 -0.2790431639656302
v 0.17045624561261918 0.5274937514269822 -0.3246930650536581
v 0.21360284105511007 0.5083630115853532 -0.249960969573644
v 0.18724685837345745 0.4747817860636767 -0.2956108706616719
v 0.11632965787609184 0.5274937514269822 -0.29344306505365814
v 0.14268564055774458 0.5610749769486585 -0.24779316396563023
v 0.1331202706369301 0.4747817860636767 -0.2643608706616719
v 0.15947625331858273 0.5083630115853532 -0.218710969573644
vt 0.015625 0.5
vt 0.03125 0.5
vt 0.03125 0.484375
vt 0.015625 0.484375
vt 0 0.5
vt 0.015625 0.5
vt 0.015625 0.484375
vt 0 0.484375
vt 0.046875 0.5
vt 0.0625 0.5
vt 0.0625 0.484375
vt 0.046875 0.484375
vt 0.03125 0.5
vt 0.046875 0.5
vt 0.046875 0.484375
vt 0.03125 0.484375
vt 0.03125 0.5
vt 0.015625 0.5
vt 0.015625 0.515625
vt 0.03125 0.515625
vt 0.046875 0.515625
vt 0.03125 0.515625
vt 0.03125 0.5
vt 0.046875 0.5
vn -0.4216957229064428 -0.5372996083468238 -0.7303984174084459
vn 0.8660254037844386 0 -0.4999999999999999
vn 0.4216957229064428 0.5372996083468238 0.7303984174084459
vn -0.8660254037844386 0 0.4999999999999999
vn -0.26864980417341183 0.8433914458128857 -0.46531511027177885
vn 0.26864980417341183 -0.8433914458128857 0.46531511027177885
usemtl m_15613950-4d98-e739-7685-d0ba0eb1cde5
f 44/124/31 47/123/31 45/122/31 42/121/31
f 43/128/32 44/127/32 42/126/32 41/125/32
f 48/132/33 43/131/33 41/130/33 46/129/33
f 47/136/34 48/135/34 46/134/34 45/133/34
f 46/140/35 41/139/35 42/138/35 45/137/35
f 47/144/36 44/143/36 43/142/36 48/141/36
o cube
v 0.22976861091289613 0.5596787003293475 -0.1969610348364932
v 0.19854835398846304 0.562404912039681 -0.25103610605496535
v 0.22840550505772939 0.49723818648048146 -0.19932200343373663
v 0.1971852481332963 0.49996439819081495 -0.2533970746522088
v 0.1444217662519356 0.562404912039681 -0.2197861060549653
v 0.17564202317636868 0.5596787003293475 -0.1657110348364932
v 0.14305866039676896 0.49996439819081495 -0.22214707465220873
v 0.17427891732120193 0.49723818648048146 -0.16807200343373663
vt 0.484375 0.765625
vt 0.5 0.765625
vt 0.5 0.75
vt 0.484375 0.75
vt 0.46875 0.765625
vt 0.484375 0.765625
vt 0.484375 0.75
vt 0.46875 0.75
vt 0.515625 0.765625
vt 0.53125 0.765625
vt 0.53125 0.75
vt 0.515625 0.75
vt 0.5 0.765625
vt 0.515625 0.765625
vt 0.515625 0.75
vt 0.5 0.75
vt 0.5 0.765625
vt 0.484375 0.765625
vt 0.484375 0.78125
vt 0.5 0.78125
vt 0.515625 0.78125
vt 0.5 0.78125
vt 0.5 0.765625
vt 0.515625 0.765625
vn -0.49952411079092884 0.043619387365336 -0.8652011394955538
vn 0.8660254037844388 0 -0.5
vn 0.49952411079092884 -0.043619387365336 0.8652011394955538
vn -0.8660254037844388 0 0.5
vn 0.021809693682667997 0.9990482215818578 0.03777549755589495
vn -0.021809693682667997 -0.9990482215818578 -0.03777549755589495
usemtl m_15613950-4d98-e739-7685-d0ba0eb1cde5
f 52/148/37 55/147/37 53/146/37 50/145/37
f 51/152/38 52/151/38 50/150/38 49/149/38
f 56/156/39 51/155/39 49/154/39 54/153/39
f 55/160/40 56/159/40 54/158/40 53/157/40
f 54/164/41 49/163/41 50/162/41 53/161/41
f 55/168/42 52/167/42 51/166/42 56/165/42
o cube
v 0.15664694108400157 0.19999999999999996 0.3720814690947618
v 0.21075684456852728 0.19999999999999996 0.1280074673147784
v 0.15664694108400157 0.012499999999999956 0.3720814690947618
v 0.21075684456852728 0.012499999999999956 0.1280074673147784
v -0.033317157211456117 0.19999999999999996 0.07389756383025281
v -0.08742706069598183 0.19999999999999996 0.3179715656102361
v -0.033317157211456117 0.012499999999999956 0.07389756383025281
v -0.08742706069598183 0.012499999999999956 0.3179715656102361
vt 0.0625 0.625
vt 0.125 0.625
vt 0.125 0.578125
vt 0.0625 0.578125
vt 0 0.625
vt 0.0625 0.625
vt 0.0625 0.578125
vt 0 0.578125
vt 0.1875 0.625
vt 0.25 0.625
vt 0.25 0.578125
vt 0.1875 0.578125
vt 0.125 0.625
vt 0.1875 0.625
vt 0.1875 0.578125
vt 0.125 0.578125
vt 0.125 0.625
vt 0.0625 0.625
vt 0.0625 0.6875
vt 0.125 0.6875
vt 0.1875 0.6875
vt 0.125 0.6875
vt 0.125 0.625
vt 0.1875 0.625
vn 0.21643961393810288 0 -0.9762960071199334
vn 0.9762960071199334 0 0.21643961393810288
vn -0.21643961393810288 0 0.9762960071199334
vn -0.9762960071199334 0 -0.21643961393810288
vn 0 1 0
vn 0 -1 0
usemtl m_15613950-4d98-e739-7685-d0ba0eb1cde5
f 60/172/43 63/171/43 61/170/43 58/169/43
f 59/176/44 60/175/44 58/174/44 57/173/44
f 64/180/45 59/179/45 57/178/45 62/177/45
f 63/184/46 64/183/46 62/182/46 61/181/46
f 62/188/47 57/187/47 58/186/47 61/185/47
f 63/192/48 60/191/48 59/190/48 64/189/48
o cube
v 0.12475841826705059 0.3669182776638579 0.3012250006374322
v 0.1410741922945571 0.3830944679827655 0.17835463649436534
v 0.12475841826705059 0.18102236615626843 0.2767513395961725
v 0.1410741922945571 0.19719855647517603 0.15388097545310564
v 0.0171435846228305 0.38522410383969863 0.16217844617545785
v 0.0008278105953241077 0.36904791352079114 0.2850488103185246
v 0.0171435846228305 0.1993281923321093 0.13770478513419815
v 0.0008278105953241077 0.1831520020132018 0.2605751492772649
vt 0.296875 0.515625
vt 0.328125 0.515625
vt 0.328125 0.46875
vt 0.296875 0.46875
vt 0.265625 0.515625
vt 0.296875 0.515625
vt 0.296875 0.46875
vt 0.265625 0.46875
vt 0.359375 0.515625
vt 0.390625 0.515625
vt 0.390625 0.46875
vt 0.359375 0.46875
vt 0.328125 0.515625
vt 0.359375 0.515625
vt 0.359375 0.46875
vt 0.328125 0.46875
vt 0.328125 0.515625
vt 0.296875 0.515625
vt 0.296875 0.546875
vt 0.328125 0.546875
vt 0.359375 0.546875
vt 0.328125 0.546875
vt 0.328125 0.515625
vt 0.359375 0.515625
vn 0.13052619222005157 0.12940952255126043 -0.9829629131445341
vn 0.9914448613738105 -0.01703708685546586 0.1294095225512604
vn -0.13052619222005157 -0.12940952255126043 0.9829629131445341
vn -0.9914448613738105 0.01703708685546586 -0.1294095225512604
vn -3.469446951953615e-18 0.9914448613738105 0.13052619222005166
vn 3.469446951953615e-18 -0.9914448613738105 -0.13052619222005166
usemtl m_15613950-4d98-e739-7685-d0ba0eb1cde5
f 68/196/49 71/195/49 69/194/49 66/193/49
f 67/200/50 68/199/50 66/198/50 65/197/50
f 72/204/51 67/203/51 65/202/51 70/201/51
f 71/208/52 72/207/52 70/206/52 69/205/52
f 70/212/53 65/211/53 66/210/53 69/209/53
f 71/216/54 68/215/54 67/214/54 72/213/54
o cube
v 0.10000000000000009 0.49715430539765815 0.27631755574026706
v 0.10000000000000009 0.5053121924114112 0.21435225190440377
v 0.10000000000000009 0.3732236977259318 0.26000178171276067
v 0.10000000000000009 0.3813815847396851 0.19803647787689727
v 0.03749999999999998 0.5053121924114112 0.21435225190440377
v 0.03749999999999998 0.49715430539765815 0.27631755574026706
v 0.03749999999999998 0.3813815847396851 0.19803647787689727
v 0.03749999999999998 0.3732236977259318 0.26000178171276067
vt 0.015625 0.875
vt 0.03125 0.875
vt 0.03125 0.84375
vt 0.015625 0.84375
vt 0 0.875
vt 0.015625 0.875
vt 0.015625 0.84375
vt 0 0.84375
vt 0.046875 0.875
vt 0.0625 0.875
vt 0.0625 0.84375
vt 0.046875 0.84375
vt 0.03125 0.875
vt 0.046875 0.875
vt 0.046875 0.84375
vt 0.03125 0.84375
vt 0.03125 0.875
vt 0.015625 0.875
vt 0.015625 0.890625
vt 0.03125 0.890625
vt 0.046875 0.890625
vt 0.03125 0.890625
vt 0.03125 0.875
vt 0.046875 0.875
vn 0 0.13052619222005157 -0.9914448613738104
vn 1 0 0
vn 0 -0.13052619222005157 0.9914448613738104
vn -1 0 0
vn 0 0.9914448613738104 0.13052619222005157
vn 0 -0.9914448613738104 -0.13052619222005157
usemtl m_15613950-4d98-e739-7685-d0ba0eb1cde5
f 76/220/55 79/219/55 77/218/55 74/217/55
f 75/224/56 76/223/56 74/222/56 73/221/56
f 80/228/57 75/227/57 73/226/57 78/225/57
f 79/232/58 80/231/58 78/230/58 77/229/58
f 78/236/59 73/235/59 74/234/59 77/233/59
f 79/240/60 76/239/60 75/238/60 80/237/60
o cube
v 0.10624999999999996 0.514100228938082 0.3272073311566688
v 0.10624999999999996 0.5521478182511272 0.2776227473884666
v 0.10624999999999996 0.46451564516988 0.2891597418436238
v 0.10624999999999996 0.502563234482925 0.2395751580754215
v 0.043749999999999956 0.5521478182511272 0.2776227473884666
v 0.043749999999999956 0.514100228938082 0.3272073311566688
v 0.043749999999999956 0.502563234482925 0.2395751580754215
v 0.043749999999999956 0.46451564516988 0.2891597418436238
vt 0.375 0.53125
vt 0.390625 0.53125
vt 0.390625 0.515625
vt 0.375 0.515625
vt 0.359375 0.53125
vt 0.375 0.53125
vt 0.375 0.515625
vt 0.359375 0.515625
vt 0.40625 0.53125
vt 0.421875 0.53125
vt 0.421875 0.515625
vt 0.40625 0.515625
vt 0.390625 0.53125
vt 0.40625 0.53125
vt 0.40625 0.515625
vt 0.390625 0.515625
vt 0.390625 0.53125
vt 0.375 0.53125
vt 0.375 0.546875
vt 0.390625 0.546875
vt 0.40625 0.546875
vt 0.390625 0.546875
vt 0.390625 0.53125
vt 0.40625 0.53125
vn 0 0.6087614290087207 -0.7933533402912352
vn 1 0 0
vn 0 -0.6087614290087207 0.7933533402912352
vn -1 0 0
vn 0 0.7933533402912352 0.6087614290087207
vn 0 -0.7933533402912352 -0.6087614290087207
usemtl m_15613950-4d98-e739-7685-d0ba0eb1cde5
f 84/244/61 87/243/61 85/242/61 82/241/61
f 83/248/62 84/247/62 82/246/62 81/245/62
f 88/252/63 83/251/63 81/250/63 86/249/63
f 87/256/64 88/255/64 86/254/64 85/253/64
f 86/260/65 81/259/65 82/258/65 85/257/65
f 87/264/66 84/263/66 83/262/66 88/261/66
o cube
v 0.09375 0.5632293899597154 0.24599312968252995
v 0.09375 0.5550715029459621 0.18402782584666644
v 0.09375 0.5012640861238524 0.25415101669628315
v 0.09375 0.493106199110099 0.19218571286041963
v 0.03125 0.5550715029459621 0.18402782584666644
v 0.03125 0.5632293899597154 0.24599312968252995
v 0.03125 0.493106199110099 0.19218571286041963
v 0.03125 0.5012640861238524 0.25415101669628315
vt 0.234375 0.53125
vt 0.25 0.53125
vt 0.25 0.515625
vt 0.234375 0.515625
vt 0.21875 0.53125
vt 0.234375 0.53125
vt 0.234375 0.515625
vt 0.21875 0.515625
vt 0.265625 0.53125
vt 0.28125 0.53125
vt 0.28125 0.515625
vt 0.265625 0.515625
vt 0.25 0.53125
vt 0.265625 0.53125
vt 0.265625 0.515625
vt 0.25 0.515625
vt 0.25 0.53125
vt 0.234375 0.53125
vt 0.234375 0.546875
vt 0.25 0.546875
vt 0.265625 0.546875
vt 0.25 0.546875
vt 0.25 0.53125
vt 0.265625 0.53125
vn 0 -0.13052619222005157 -0.9914448613738104
vn 1 0 0
vn 0 0.13052619222005157 0.9914448613738104
vn -1 0 0
vn 0 0.9914448613738104 -0.13052619222005157
vn 0 -0.9914448613738104 0.13052619222005157
usemtl m_15613950-4d98-e739-7685-d0ba0eb1cde5
f 92/268/67 95/267/67 93/266/67 90/265/67
f 91/272/68 92/271/68 90/270/68 89/269/68
f 96/276/69 91/275/69 89/274/69 94/273/69
f 95/280/70 96/279/70 94/278/70 93/277/70
f 94/284/71 89/283/71 90/282/71 93/281/71
f 95/288/72 92/287/72 91/286/72 96/285/72
o cube
v 0.03125 0.30615394399559637 -0.12749370521072856
v 0.03125 0.3489064619113049 -0.2449552828089671
v 0.03125 0.012499999999999956 -0.234375
v 0.03125 0.05525251791570862 -0.35183657759823855
v -0.28125 0.3489064619113049 -0.2449552828089671
v -0.28125 0.30615394399559637 -0.12749370521072856
v -0.28125 0.05525251791570862 -0.35183657759823855
v -0.28125 0.012499999999999956 -0.234375
vt 0.03125 0.96875
vt 0.109375 0.96875
vt 0.109375 0.890625
vt 0.03125 0.890625
vt 0 0.96875
vt 0.03125 0.96875
vt 0.03125 0.890625
vt 0 0.890625
vt 0.140625 0.96875
vt 0.21875 0.96875
vt 0.21875 0.890625
vt 0.140625 0.890625
vt 0.109375 0.96875
vt 0.140625 0.96875
vt 0.140625 0.890625
vt 0.109375 0.890625
vt 0.109375 0.96875
vt 0.03125 0.96875
vt 0.03125 1
vt 0.109375 1
vt 0.1875 1
vt 0.109375 1
vt 0.109375 0.96875
vt 0.1875 0.96875
vn 0 0.34202014332566866 -0.9396926207859084
vn 1 0 0
vn 0 -0.34202014332566866 0.9396926207859084
vn -1 0 0
vn 0 0.9396926207859084 0.34202014332566866
vn 0 -0.9396926207859084 -0.34202014332566866
usemtl m_15613950-4d98-e739-7685-d0ba0eb1cde5
f 100/292/73 103/291/73 101/290/73 98/289/73
f 99/296/74 100/295/74 98/294/74 97/293/74
f 104/300/75 99/299/75 97/298/75 102/297/75
f 103/304/76 104/303/76 102/302/76 101/301/76
f 102/308/77 97/307/77 98/306/77 101/305/77
f 103/312/78 100/311/78 99/310/78 104/309/78
o cube
v 0.078125 0.36488473279471556 0.026695053747125774
v 0.078125 0.4076372507104242 -0.09076652385111283
v 0.078125 0.012499999999999956 -0.1015625
v 0.078125 0.05525251791570862 -0.21902407759823855
v -0.296875 0.4076372507104242 -0.09076652385111283
v -0.296875 0.36488473279471556 0.026695053747125774
v -0.296875 0.05525251791570862 -0.21902407759823855
v -0.296875 0.012499999999999956 -0.1015625
vt 0.28125 0.75
vt 0.375 0.75
vt 0.375 0.65625
vt 0.28125 0.65625
vt 0.25 0.75
vt 0.28125 0.75
vt 0.28125 0.65625
vt 0.25 0.65625
vt 0.40625 0.75
vt 0.5 0.75
vt 0.5 0.65625
vt 0.40625 0.65625
vt 0.375 0.75
vt 0.40625 0.75
vt 0.40625 0.65625
vt 0.375 0.65625
vt 0.375 0.75
vt 0.28125 0.75
vt 0.28125 0.78125
vt 0.375 0.78125
vt 0.46875 0.78125
vt 0.375 0.78125
vt 0.375 0.75
vt 0.46875 0.75
vn 0 0.34202014332566866 -0.9396926207859084
vn 1 0 0
vn 0 -0.34202014332566866 0.9396926207859084
vn -1 0 0
vn 0 0.9396926207859084 0.34202014332566866
vn 0 -0.9396926207859084 -0.34202014332566866
usemtl m_15613950-4d98-e739-7685-d0ba0eb1cde5
f 108/316/79 111/315/79 109/314/79 106/313/79
f 107/320/80 108/319/80 106/318/80 105/317/80
f 112/324/81 107/323/81 105/322/81 110/321/81
f 111/328/82 112/327/82 110/326/82 109/325/82
f 110/332/83 105/331/83 106/330/83 109/329/83
f 111/336/84 108/335/84 107/334/84 112/333/84
o cube
v 0.125 0.36488473279471556 0.15950755374712577
v 0.125 0.4076372507104242 0.042045976148887165
v 0.125 0.012499999999999956 0.03125
v 0.125 0.05525251791570862 -0.08621157759823855
v -0.25 0.4076372507104242 0.042045976148887165
v -0.25 0.36488473279471556 0.15950755374712577
v -0.25 0.05525251791570862 -0.08621157759823855
v -0.25 0.012499999999999956 0.03125
vt 0.03125 0.78125
vt 0.125 0.78125
vt 0.125 0.6875
vt 0.03125 0.6875
vt 0 0.78125
vt 0.03125 0.78125
vt 0.03125 0.6875
vt 0 0.6875
vt 0.15625 0.78125
vt 0.25 0.78125
vt 0.25 0.6875
vt 0.15625 0.6875
vt 0.125 0.78125
vt 0.15625 0.78125
vt 0.15625 0.6875
vt 0.125 0.6875
vt 0.125 0.78125
vt 0.03125 0.78125
vt 0.03125 0.8125
vt 0.125 0.8125
vt 0.21875 0.8125
vt 0.125 0.8125
vt 0.125 0.78125
vt 0.21875 0.78125
vn 0 0.34202014332566866 -0.9396926207859084
vn 1 0 0
vn 0 -0.34202014332566866 0.9396926207859084
vn -1 0 0
vn 0 0.9396926207859084 0.34202014332566866
vn 0 -0.9396926207859084 -0.34202014332566866
usemtl m_15613950-4d98-e739-7685-d0ba0eb1cde5
f 116/340/85 119/339/85 117/338/85 114/337/85
f 115/344/86 116/343/86 114/342/86 113/341/86
f 120/348/87 115/347/87 113/346/87 118/345/87
f 119/352/88 120/351/88 118/350/88 117/349/88
f 118/356/89 113/355/89 114/354/89 117/353/89
f 119/360/90 116/359/90 115/358/90 120/357/90
o cube
v -0.06407844553802566 0.07499999999999996 0.26294417382415924
v -0.12878320681365585 0.07499999999999996 0.021462717251892194
v -0.06407844553802566 0.012499999999999956 0.26294417382415924
v -0.12878320681365585 0.012499999999999956 0.021462717251892194
v -0.30989429924285616 0.07499999999999996 0.06999128820861478
v -0.24518953796722598 0.07499999999999996 0.3114727447808818
v -0.30989429924285616 0.012499999999999956 0.06999128820861478
v -0.24518953796722598 0.012499999999999956 0.3114727447808818
vt 0.0625 0.828125
vt 0.109375 0.828125
vt 0.109375 0.8125
vt 0.0625 0.8125
vt 0 0.828125
vt 0.0625 0.828125
vt 0.0625 0.8125
vt 0 0.8125
vt 0.171875 0.828125
vt 0.21875 0.828125
vt 0.21875 0.8125
vt 0.171875 0.8125
vt 0.109375 0.828125
vt 0.171875 0.828125
vt 0.171875 0.8125
vt 0.109375 0.8125
vt 0.109375 0.828125
vt 0.0625 0.828125
vt 0.0625 0.890625
vt 0.109375 0.890625
vt 0.15625 0.890625
vt 0.109375 0.890625
vt 0.109375 0.828125
vt 0.15625 0.828125
vn -0.25881904510252074 0 -0.9659258262890683
vn 0.9659258262890683 0 -0.25881904510252074
vn 0.25881904510252074 0 0.9659258262890683
vn -0.9659258262890683 0 0.25881904510252074
vn 0 1 0
vn 0 -1 0
usemtl m_15613950-4d98-e739-7685-d0ba0eb1cde5
f 124/364/91 127/363/91 125/362/91 122/361/91
f 123/368/92 124/367/92 122/366/92 121/365/92
f 128/372/93 123/371/93 121/370/93 126/369/93
f 127/376/94 128/375/94 126/374/94 125/373/94
f 126/380/95 121/379/95 122/378/95 125/377/95
f 127/384/96 124/383/96 123/382/96 128/381/96
o cube
v -0.21875 0.07499999999999996 -0.125
v -0.26727857095672264 0.07499999999999996 -0.3061110924292003
v -0.21875 0.012499999999999956 -0.125
v -0.26727857095672264 0.012499999999999956 -0.3061110924292003
v -0.38801929924285616 0.07499999999999996 -0.2737587117913852
v -0.3394907282861335 0.07499999999999996 -0.09264761936218491
v -0.38801929924285616 0.012499999999999956 -0.2737587117913852
v -0.3394907282861335 0.012499999999999956 -0.09264761936218491
vt 0.15625 0.515625
vt 0.1875 0.515625
vt 0.1875 0.5
vt 0.15625 0.5
vt 0.109375 0.515625
vt 0.15625 0.515625
vt 0.15625 0.5
vt 0.109375 0.5
vt 0.234375 0.515625
vt 0.265625 0.515625
vt 0.265625 0.5
vt 0.234375 0.5
vt 0.1875 0.515625
vt 0.234375 0.515625
vt 0.234375 0.5
vt 0.1875 0.5
vt 0.1875 0.515625
vt 0.15625 0.515625
vt 0.15625 0.5625
vt 0.1875 0.5625
vt 0.21875 0.5625
vt 0.1875 0.5625
vt 0.1875 0.515625
vt 0.21875 0.515625
vn -0.25881904510252074 0 -0.9659258262890683
vn 0.9659258262890683 0 -0.25881904510252074
vn 0.25881904510252074 0 0.9659258262890683
vn -0.9659258262890683 0 0.25881904510252074
vn 0 1 0
vn 0 -1 0
usemtl m_15613950-4d98-e739-7685-d0ba0eb1cde5
f 132/388/97 135/387/97 133/386/97 130/385/97
f 131/392/98 132/391/98 130/390/98 129/389/98
f 136/396/99 131/395/99 129/394/99 134/393/99
f 135/400/100 136/399/100 134/398/100 133/397/100
f 134/404/101 129/403/101 130/402/101 133/401/101
f 135/408/102 132/407/102 131/406/102 136/405/102
o cube
v -0.06407844553802566 0.08125000000000004 0.26294417382415924
v -0.12878320681365585 0.08125000000000004 0.021462717251892194
v -0.06407844553802566 0.08125000000000004 0.26294417382415924
v -0.12878320681365585 0.08125000000000004 0.021462717251892194
v -0.30989429924285616 0.08125000000000004 0.06999128820861478
v -0.24518953796722598 0.08125000000000004 0.3114727447808818
v -0.30989429924285616 0.08125000000000004 0.06999128820861478
v -0.24518953796722598 0.08125000000000004 0.3114727447808818
vt 0.4375 0.59375
vt 0.484375 0.59375
vt 0.484375 0.59375
vt 0.4375 0.59375
vt 0.375 0.59375
vt 0.4375 0.59375
vt 0.4375 0.59375
vt 0.375 0.59375
vt 0.546875 0.59375
vt 0.59375 0.59375
vt 0.59375 0.59375
vt 0.546875 0.59375
vt 0.484375 0.59375
vt 0.546875 0.59375
vt 0.546875 0.59375
vt 0.484375 0.59375
vt 0.484375 0.59375
vt 0.4375 0.59375
vt 0.4375 0.65625
vt 0.484375 0.65625
vt 0.53125 0.65625
vt 0.484375 0.65625
vt 0.484375 0.59375
vt 0.53125 0.59375
vn -0.25881904510252074 0 -0.9659258262890683
vn 0.9659258262890683 0 -0.25881904510252074
vn 0.25881904510252074 0 0.9659258262890683
vn -0.9659258262890683 0 0.25881904510252074
vn 0 1 0
vn 0 -1 0
usemtl m_15613950-4d98-e739-7685-d0ba0eb1cde5
f 140/412/103 143/411/103 141/410/103 138/409/103
f 139/416/104 140/415/104 138/414/104 137/413/104
f 144/420/105 139/419/105 137/418/105 142/417/105
f 143/424/106 144/423/106 142/422/106 141/421/106
f 142/428/107 137/427/107 138/426/107 141/425/107
f 143/432/108 140/431/108 139/430/108 144/429/108
o cube
v -0.21875 0.08125000000000004 -0.125
v -0.26727857095672264 0.08125000000000004 -0.3061110924292003
v -0.21875 0.08125000000000004 -0.125
v -0.26727857095672264 0.08125000000000004 -0.3061110924292003
v -0.38801929924285616 0.08125000000000004 -0.2737587117913852
v -0.3394907282861335 0.08125000000000004 -0.09264761936218491
v -0.38801929924285616 0.08125000000000004 -0.2737587117913852
v -0.3394907282861335 0.08125000000000004 -0.09264761936218491
vt 0.1875 0.640625
vt 0.21875 0.640625
vt 0.21875 0.640625
vt 0.1875 0.640625
vt 0.140625 0.640625
vt 0.1875 0.640625
vt 0.1875 0.640625
vt 0.140625 0.640625
vt 0.265625 0.640625
vt 0.296875 0.640625
vt 0.296875 0.640625
vt 0.265625 0.640625
vt 0.21875 0.640625
vt 0.265625 0.640625
vt 0.265625 0.640625
vt 0.21875 0.640625
vt 0.21875 0.640625
vt 0.1875 0.640625
vt 0.1875 0.6875
vt 0.21875 0.6875
vt 0.25 0.6875
vt 0.21875 0.6875
vt 0.21875 0.640625
vt 0.25 0.640625
vn -0.25881904510252074 0 -0.9659258262890683
vn 0.9659258262890683 0 -0.25881904510252074
vn 0.25881904510252074 0 0.9659258262890683
vn -0.9659258262890683 0 0.25881904510252074
vn 0 1 0
vn 0 -1 0
usemtl m_15613950-4d98-e739-7685-d0ba0eb1cde5
f 148/436/109 151/435/109 149/434/109 146/433/109
f 147/440/110 148/439/110 146/438/110 145/437/110
f 152/444/111 147/443/111 145/442/111 150/441/111
f 151/448/112 152/447/112 150/446/112 149/445/112
f 150/452/113 145/451/113 146/450/113 149/449/113
f 151/456/114 148/455/114 147/454/114 152/453/114
o cube
v 0.28125 0.08125000000000004 0.125
v 0.2327214290432773 0.08125000000000004 -0.056111092429200315
v 0.28125 0.08125000000000004 0.125
v 0.2327214290432773 0.08125000000000004 -0.056111092429200315
v 0.11198070075714384 0.08125000000000004 -0.023758711791385223
v 0.16050927171386653 0.08125000000000004 0.1573523806378151
v 0.11198070075714384 0.08125000000000004 -0.023758711791385223
v 0.16050927171386653 0.08125000000000004 0.1573523806378151
vt 0.15625 0.84375
vt 0.1875 0.84375
vt 0.1875 0.84375
vt 0.15625 0.84375
vt 0.109375 0.84375
vt 0.15625 0.84375
vt 0.15625 0.84375
vt 0.109375 0.84375
vt 0.234375 0.84375
vt 0.265625 0.84375
vt 0.265625 0.84375
vt 0.234375 0.84375
vt 0.1875 0.84375
vt 0.234375 0.84375
vt 0.234375 0.84375
vt 0.1875 0.84375
vt 0.1875 0.84375
vt 0.15625 0.84375
vt 0.15625 0.890625
vt 0.1875 0.890625
vt 0.21875 0.890625
vt 0.1875 0.890625
vt 0.1875 0.84375
vt 0.21875 0.84375
vn -0.25881904510252074 0 -0.9659258262890683
vn 0.9659258262890683 0 -0.25881904510252074
vn 0.25881904510252074 0 0.9659258262890683
vn -0.9659258262890683 0 0.25881904510252074
vn 0 1 0
vn 0 -1 0
usemtl m_15613950-4d98-e739-7685-d0ba0eb1cde5
f 156/460/115 159/459/115 157/458/115 154/457/115
f 155/464/116 156/463/116 154/462/116 153/461/116
f 160/468/117 155/467/117 153/466/117 158/465/117
f 159/472/118 160/471/118 158/470/118 157/469/118
f 158/476/119 153/475/119 154/474/119 157/473/119
f 159/480/120 156/479/120 155/478/120 160/477/120
o cube
v 0.28125 0.07499999999999996 0.125
v 0.2327214290432773 0.07499999999999996 -0.056111092429200315
v 0.28125 0.012499999999999956 0.125
v 0.2327214290432773 0.012499999999999956 -0.056111092429200315
v 0.11198070075714384 0.07499999999999996 -0.023758711791385223
v 0.16050927171386653 0.07499999999999996 0.1573523806378151
v 0.11198070075714384 0.012499999999999956 -0.023758711791385223
v 0.16050927171386653 0.012499999999999956 0.1573523806378151
vt 0.046875 0.53125
vt 0.078125 0.53125
vt 0.078125 0.515625
vt 0.046875 0.515625
vt 0 0.53125
vt 0.046875 0.53125
vt 0.046875 0.515625
vt 0 0.515625
vt 0.125 0.53125
vt 0.15625 0.53125
vt 0.15625 0.515625
vt 0.125 0.515625
vt 0.078125 0.53125
vt 0.125 0.53125
vt 0.125 0.515625
vt 0.078125 0.515625
vt 0.078125 0.53125
vt 0.046875 0.53125
vt 0.046875 0.578125
vt 0.078125 0.578125
vt 0.109375 0.578125
vt 0.078125 0.578125
vt 0.078125 0.53125
vt 0.109375 0.53125
vn -0.25881904510252074 0 -0.9659258262890683
vn 0.9659258262890683 0 -0.25881904510252074
vn 0.25881904510252074 0 0.9659258262890683
vn -0.9659258262890683 0 0.25881904510252074
vn 0 1 0
vn 0 -1 0
usemtl m_15613950-4d98-e739-7685-d0ba0eb1cde5
f 164/484/121 167/483/121 165/482/121 162/481/121
f 163/488/122 164/487/122 162/486/122 161/485/122
f 168/492/123 163/491/123 161/490/123 166/489/123
f 167/496/124 168/495/124 166/494/124 165/493/124
f 166/500/125 161/499/125 162/498/125 165/497/125
f 167/504/126 164/503/126 163/502/126 168/501/126