# Made in Blockbench 4.6.4
mtllib honey_ham.mtl

o cube
v 0.4375 0.09375 -0.3125
v 0.4375 0.09375 -0.4375
v 0.4375 0.03125 -0.3125
v 0.4375 0.03125 -0.4375
v -0.4375 0.09375 -0.4375
v -0.4375 0.09375 -0.3125
v -0.4375 0.03125 -0.4375
v -0.4375 0.03125 -0.3125
vt 0.25 0.546875
vt 0.46875 0.546875
vt 0.46875 0.53125
vt 0.25 0.53125
vt 0.21875 0.546875
vt 0.25 0.546875
vt 0.25 0.53125
vt 0.21875 0.53125
vt 0.5 0.546875
vt 0.71875 0.546875
vt 0.71875 0.53125
vt 0.5 0.53125
vt 0.46875 0.546875
vt 0.5 0.546875
vt 0.5 0.53125
vt 0.46875 0.53125
vt 0.46875 0.546875
vt 0.25 0.546875
vt 0.25 0.578125
vt 0.46875 0.578125
vt 0.6875 0.578125
vt 0.46875 0.578125
vt 0.46875 0.546875
vt 0.6875 0.546875
vn 0 0 -1
vn 1 0 0
vn 0 0 1
vn -1 0 0
vn 0 1 0
vn 0 -1 0
usemtl m_32f36dd3-973c-0e1e-20ee-74677cd090d8
f 4/4/1 7/3/1 5/2/1 2/1/1
f 3/8/2 4/7/2 2/6/2 1/5/2
f 8/12/3 3/11/3 1/10/3 6/9/3
f 7/16/4 8/15/4 6/14/4 5/13/4
f 6/20/5 1/19/5 2/18/5 5/17/5
f 7/24/6 4/23/6 3/22/6 8/21/6
o cube
v 0.3125 0.0625 0.3125
v 0.3125 0.0625 -0.3125
v 0.3125 0 0.3125
v 0.3125 0 -0.3125
v -0.3125 0.0625 -0.3125
v -0.3125 0.0625 0.3125
v -0.3125 0 -0.3125
v -0.3125 0 0.3125
vt 0.15625 0.84375
vt 0.3125 0.84375
vt 0.3125 0.828125
vt 0.15625 0.828125
vt 0 0.84375
vt 0.15625 0.84375
vt 0.15625 0.828125
vt 0 0.828125
vt 0.46875 0.84375
vt 0.625 0.84375
vt 0.625 0.828125
vt 0.46875 0.828125
vt 0.3125 0.84375
vt 0.46875 0.84375
vt 0.46875 0.828125
vt 0.3125 0.828125
vt 0.3125 0.84375
vt 0.15625 0.84375
vt 0.15625 1
vt 0.3125 1
vt 0.46875 1
vt 0.3125 1
vt 0.3125 0.84375
vt 0.46875 0.84375
vn 0 0 -1
vn 1 0 0
vn 0 0 1
vn -1 0 0
vn 0 1 0
vn 0 -1 0
usemtl m_32f36dd3-973c-0e1e-20ee-74677cd090d8
f 12/28/7 15/27/7 13/26/7 10/25/7
f 11/32/8 12/31/8 10/30/8 9/29/8
f 16/36/9 11/35/9 9/34/9 14/33/9
f 15/40/10 16/39/10 14/38/10 13/37/10
f 14/44/11 9/43/11 10/42/11 13/41/11
f 15/48/12 12/47/12 11/46/12 16/45/12
o cube
v 0.4375 0.09375 0.4375
v 0.4375 0.09375 0.3125
v 0.4375 0.03125 0.4375
v 0.4375 0.03125 0.3125
v -0.4375 0.09375 0.3125
v -0.4375 0.09375 0.4375
v -0.4375 0.03125 0.3125
v -0.4375 0.03125 0.4375
vt 0.25 0.59375
vt 0.46875 0.59375
vt 0.46875 0.578125
vt 0.25 0.578125
vt 0.21875 0.59375
vt 0.25 0.59375
vt 0.25 0.578125
vt 0.21875 0.578125
vt 0.5 0.59375
vt 0.71875 0.59375
vt 0.71875 0.578125
vt 0.5 0.578125
vt 0.46875 0.59375
vt 0.5 0.59375
vt 0.5 0.578125
vt 0.46875 0.578125
vt 0.46875 0.59375
vt 0.25 0.59375
vt 0.25 0.625
vt 0.46875 0.625
vt 0.6875 0.625
vt 0.46875 0.625
vt 0.46875 0.59375
vt 0.6875 0.59375
vn 0 0 -1
vn 1 0 0
vn 0 0 1
vn -1 0 0
vn 0 1 0
vn 0 -1 0
usemtl m_32f36dd3-973c-0e1e-20ee-74677cd090d8
f 20/52/13 23/51/13 21/50/13 18/49/13
f 19/56/14 20/55/14 18/54/14 17/53/14
f 24/60/15 19/59/15 17/58/15 22/57/15
f 23/64/16 24/63/16 22/62/16 21/61/16
f 22/68/17 17/67/17 18/66/17 21/65/17
f 23/72/18 20/71/18 19/70/18 24/69/18
o cube
v 0.4375 0.09375 0.3125
v 0.4375 0.09375 -0.3125
v 0.4375 0.03125 0.3125
v 0.4375 0.03125 -0.3125
v 0.3125 0.09375 -0.3125
v 0.3125 0.09375 0.3125
v 0.3125 0.03125 -0.3125
v 0.3125 0.03125 0.3125
vt 0.15625 0.484375
vt 0.1875 0.484375
vt 0.1875 0.46875
vt 0.15625 0.46875
vt 0 0.484375
vt 0.15625 0.484375
vt 0.15625 0.46875
vt 0 0.46875
vt 0.34375 0.484375
vt 0.375 0.484375
vt 0.375 0.46875
vt 0.34375 0.46875
vt 0.1875 0.484375
vt 0.34375 0.484375
vt 0.34375 0.46875
vt 0.1875 0.46875
vt 0.1875 0.484375
vt 0.15625 0.484375
vt 0.15625 0.640625
vt 0.1875 0.640625
vt 0.21875 0.640625
vt 0.1875 0.640625
vt 0.1875 0.484375
vt 0.21875 0.484375
vn 0 0 -1
vn 1 0 0
vn 0 0 1
vn -1 0 0
vn 0 1 0
vn 0 -1 0
usemtl m_32f36dd3-973c-0e1e-20ee-74677cd090d8
f 28/76/19 31/75/19 29/74/19 26/73/19
f 27/80/20 28/79/20 26/78/20 25/77/20
f 32/84/21 27/83/21 25/82/21 30/81/21
f 31/88/22 32/87/22 30/86/22 29/85/22
f 30/92/23 25/91/23 26/90/23 29/89/23
f 31/96/24 28/95/24 27/94/24 32/93/24
o cube
v -0.3125 0.09375 0.3125
v -0.3125 0.09375 -0.3125
v -0.3125 0.03125 0.3125
v -0.3125 0.03125 -0.3125
v -0.4375 0.09375 -0.3125
v -0.4375 0.09375 0.3125
v -0.4375 0.03125 -0.3125
v -0.4375 0.03125 0.3125
vt 0.375 0.640625
vt 0.40625 0.640625
vt 0.40625 0.625
vt 0.375 0.625
vt 0.21875 0.640625
vt 0.375 0.640625
vt 0.375 0.625
vt 0.21875 0.625
vt 0.5625 0.640625
vt 0.59375 0.640625
vt 0.59375 0.625
vt 0.5625 0.625
vt 0.40625 0.640625
vt 0.5625 0.640625
vt 0.5625 0.625
vt 0.40625 0.625
vt 0.40625 0.640625
vt 0.375 0.640625
vt 0.375 0.796875
vt 0.40625 0.796875
vt 0.4375 0.796875
vt 0.40625 0.796875
vt 0.40625 0.640625
vt 0.4375 0.640625
vn 0 0 -1
vn 1 0 0
vn 0 0 1
vn -1 0 0
vn 0 1 0
vn 0 -1 0
usemtl m_32f36dd3-973c-0e1e-20ee-74677cd090d8
f 36/100/25 39/99/25 37/98/25 34/97/25
f 35/104/26 36/103/26 34/102/26 33/101/26
f 40/108/27 35/107/27 33/106/27 38/105/27
f 39/112/28 40/111/28 38/110/28 37/109/28
f 38/116/29 33/115/29 34/114/29 37/113/29
f 39/120/30 36/119/30 35/118/30 40/117/30
o cube
v 0.2838020328522429 0.5 0.172649844045497
v 0.18983147050715754 0.5 -0.1253867030633239
v 0.2838020328522429 0.0625 0.172649844045497
v 0.18983147050715754 0.0625 -0.1253867030633239
v -0.2274196954451917 0.5 0.006172084219795537
v -0.13344913310010642 0.5 0.30420863132861653
v -0.2274196954451917 0.0625 0.006172084219795537
v -0.13344913310010642 0.0625 0.30420863132861653
vt 0.078125 0.75
vt 0.1875 0.75
vt 0.1875 0.640625
vt 0.078125 0.640625
vt 0 0.75
vt 0.078125 0.75
vt 0.078125 0.640625
vt 0 0.640625
vt 0.265625 0.75
vt 0.375 0.75
vt 0.375 0.640625
vt 0.265625 0.640625
vt 0.1875 0.75
vt 0.265625 0.75
vt 0.265625 0.640625
vt 0.1875 0.640625
vt 0.1875 0.75
vt 0.078125 0.75
vt 0.078125 0.828125
vt 0.1875 0.828125
vt 0.296875 0.828125
vt 0.1875 0.828125
vt 0.1875 0.75
vt 0.296875 0.75
vn -0.30070579950427306 0 -0.9537169507482269
vn 0.9537169507482269 0 -0.30070579950427306
vn 0.30070579950427306 0 0.9537169507482269
vn -0.9537169507482269 0 0.30070579950427306
vn 0 1 0
vn 0 -1 0
usemtl m_32f36dd3-973c-0e1e-20ee-74677cd090d8
f 44/124/31 47/123/31 45/122/31 42/121/31
f 43/128/32 44/127/32 42/126/32 41/125/32
f 48/132/33 43/131/33 41/130/33 46/129/33
f 47/136/34 48/135/34 46/134/34 45/133/34
f 46/140/35 41/139/35 42/138/35 45/137/35
f 47/144/36 44/143/36 43/142/36 48/141/36
o cube
v 0.16002781579627545 0.4375 -0.11598964682881541
v 0.10364547838922422 0.4375 -0.29481157509410794
v 0.16002781579627545 0.0625 -0.11598964682881541
v 0.10364547838922422 0.0625 -0.29481157509410794
v -0.25399837814136084 0.4375 -0.18204690028000553
v -0.1976160407343096 0.4375 -0.003224972014713001
v -0.25399837814136084 0.0625 -0.18204690028000553
v -0.1976160407343096 0.0625 -0.003224972014713001
vt 0.515625 0.953125
vt 0.609375 0.953125
vt 0.609375 0.859375
vt 0.515625 0.859375
vt 0.46875 0.953125
vt 0.515625 0.953125
vt 0.515625 0.859375
vt 0.46875 0.859375
vt 0.65625 0.953125
vt 0.75 0.953125
vt 0.75 0.859375
vt 0.65625 0.859375
vt 0.609375 0.953125
vt 0.65625 0.953125
vt 0.65625 0.859375
vt 0.609375 0.859375
vt 0.609375 0.953125
vt 0.515625 0.953125
vt 0.515625 1
vt 0.609375 1
vt 0.703125 1
vt 0.609375 1
vt 0.609375 0.953125
vt 0.703125 0.953125
vn -0.30070579950427306 0 -0.9537169507482269
vn 0.9537169507482269 0 -0.30070579950427306
vn 0.30070579950427306 0 0.9537169507482269
vn -0.9537169507482269 0 0.30070579950427306
vn 0 1 0
vn 0 -1 0
usemtl m_32f36dd3-973c-0e1e-20ee-74677cd090d8
f 52/148/37 55/147/37 53/146/37 50/145/37
f 51/152/38 52/151/38 50/150/38 49/149/38
f 56/156/39 51/155/39 49/154/39 54/153/39
f 55/160/40 56/159/40 54/158/40 53/157/40
f 54/164/41 49/163/41 50/162/41 53/161/41
f 55/168/42 52/167/42 51/166/42 56/165/42
o cube
v 0.0032249720147129457 0.3125 -0.1976160407343096
v -0.05315736539233823 0.3125 -0.3764379689996022
v 0.0032249720147129457 0.1875 -0.1976160407343096
v -0.05315736539233823 0.1875 -0.3764379689996022
v -0.17237198423586658 0.3125 -0.33884974406156804
v -0.11598964682881541 0.3125 -0.16002781579627545
v -0.17237198423586658 0.1875 -0.33884974406156804
v -0.11598964682881541 0.1875 -0.16002781579627545
vt 0.796875 0.796875
vt 0.828125 0.796875
vt 0.828125 0.765625
vt 0.796875 0.765625
vt 0.75 0.796875
vt 0.796875 0.796875
vt 0.796875 0.765625
vt 0.75 0.765625
vt 0.875 0.796875
vt 0.90625 0.796875
vt 0.90625 0.765625
vt 0.875 0.765625
vt 0.828125 0.796875
vt 0.875 0.796875
vt 0.875 0.765625
vt 0.828125 0.765625
vt 0.828125 0.796875
vt 0.796875 0.796875
vt 0.796875 0.84375
vt 0.828125 0.84375
vt 0.859375 0.84375
vt 0.828125 0.84375
vt 0.828125 0.796875
vt 0.859375 0.796875
vn -0.30070579950427306 0 -0.9537169507482269
vn 0.9537169507482269 0 -0.30070579950427306
vn 0.30070579950427306 0 0.9537169507482269
vn -0.9537169507482269 0 0.30070579950427306
vn 0 1 0
vn 0 -1 0
usemtl m_32f36dd3-973c-0e1e-20ee-74677cd090d8
f 60/172/43 63/171/43 61/170/43 58/169/43
f 59/176/44 60/175/44 58/174/44 57/173/44
f 64/180/45 59/179/45 57/178/45 62/177/45
f 63/184/46 64/183/46 62/182/46 61/181/46
f 62/188/47 57/187/47 58/186/47 61/185/47
f 63/192/48 60/191/48 59/190/48 64/189/48
o cube
v -0.029165668753327156 0.3728704894414139 -0.32113046316083377
v -0.06618284409427 0.39457651164978014 -0.4385339440703358
v -0.03569279551555149 0.24976952031488786 -0.34183186447427016
v -0.07270997085649433 0.2714755425232541 -0.4592353453837722
v -0.18539746293779835 0.39457651164978014 -0.4009457191323017
v -0.1483802875968555 0.3728704894414139 -0.28354223822279967
v -0.19192458970002269 0.2714755425232541 -0.4216471204457381
v -0.15490741435907984 0.24976952031488786 -0.30424363953623607
vt 0.78125 0.96875
vt 0.8125 0.96875
vt 0.8125 0.9375
vt 0.78125 0.9375
vt 0.75 0.96875
vt 0.78125 0.96875
vt 0.78125 0.9375
vt 0.75 0.9375
vt 0.84375 0.96875
vt 0.875 0.96875
vt 0.875 0.9375
vt 0.84375 0.9375
vt 0.8125 0.96875
vt 0.84375 0.96875
vt 0.84375 0.9375
vt 0.8125 0.9375
vt 0.8125 0.96875
vt 0.78125 0.96875
vt 0.78125 1
vt 0.8125 1
vt 0.84375 1
vt 0.8125 1
vt 0.8125 0.96875
vt 0.84375 0.96875
vn -0.2961374027275427 0.1736481776669303 -0.939227847276016
vn 0.953716950748227 -6.93889390390723e-18 -0.3007057995042731
vn 0.2961374027275427 -0.1736481776669303 0.939227847276016
vn -0.953716950748227 6.93889390390723e-18 0.3007057995042731
vn 0.05221701409779434 0.984807753012208 0.16561121050749114
vn -0.05221701409779434 -0.984807753012208 -0.16561121050749114
usemtl m_32f36dd3-973c-0e1e-20ee-74677cd090d8
f 68/196/49 71/195/49 69/194/49 66/193/49
f 67/200/50 68/199/50 66/198/50 65/197/50
f 72/204/51 67/203/51 65/202/51 70/201/51
f 71/208/52 72/207/52 70/206/52 69/205/52
f 70/212/53 65/211/53 66/210/53 69/209/53
f 71/216/54 68/215/54 67/214/54 72/213/54
o cube
v -0.056014732188421845 0.27433673738754993 -0.3647159441571123
v -0.09232216942043187 0.24198435674973484 -0.4798684233692837
v -0.04628618370286108 0.15359600910141635 -0.33386093034576925
v -0.0825936209348711 0.12124362846360137 -0.4490134095579407
v -0.21153678826396022 0.24198435674973484 -0.4422801984312496
v -0.17522935103195025 0.27433673738754993 -0.32712771921907813
v -0.20180823977839946 0.12124362846360137 -0.4114251846199066
v -0.1655008025463895 0.15359600910141635 -0.29627270540773515
vt 0.78125 0.890625
vt 0.8125 0.890625
vt 0.8125 0.859375
vt 0.78125 0.859375
vt 0.75 0.890625
vt 0.78125 0.890625
vt 0.78125 0.859375
vt 0.75 0.859375
vt 0.84375 0.890625
vt 0.875 0.890625
vt 0.875 0.859375
vt 0.84375 0.859375
vt 0.8125 0.890625
vt 0.84375 0.890625
vt 0.84375 0.859375
vt 0.8125 0.859375
vt 0.8125 0.890625
vt 0.78125 0.890625
vt 0.78125 0.921875
vt 0.8125 0.921875
vt 0.84375 0.921875
vt 0.8125 0.921875
vt 0.8125 0.890625
vt 0.84375 0.890625
vn -0.2904594978560799 -0.25881904510252074 -0.9212198336973718
vn 0.953716950748227 1.3877787807814457e-17 -0.3007057995042731
vn 0.2904594978560799 0.25881904510252074 0.9212198336973718
vn -0.953716950748227 -1.3877787807814457e-17 0.3007057995042731
vn -0.07782838788448601 0.9659258262890683 -0.2468401104907439
vn 0.07782838788448601 -0.9659258262890683 0.2468401104907439
usemtl m_32f36dd3-973c-0e1e-20ee-74677cd090d8
f 76/220/55 79/219/55 77/218/55 74/217/55
f 75/224/56 76/223/56 74/222/56 73/221/56
f 80/228/57 75/227/57 73/226/57 78/225/57
f 79/232/58 80/231/58 78/230/58 77/229/58
f 78/236/59 73/235/59 74/234/59 77/233/59
f 79/240/60 76/239/60 75/238/60 80/237/60
o cube
v 0.2838020328522429 0.5062500000000001 0.172649844045497
v 0.18983147050715754 0.5062500000000001 -0.1253867030633239
v 0.2838020328522429 0.5062500000000001 0.172649844045497
v 0.18983147050715754 0.5062500000000001 -0.1253867030633239
v -0.2274196954451917 0.5062500000000001 0.006172084219795537
v -0.13344913310010642 0.5062500000000001 0.30420863132861653
v -0.2274196954451917 0.5062500000000001 0.006172084219795537
v -0.13344913310010642 0.5062500000000001 0.30420863132861653
vt 0.4375 0.671875
vt 0.546875 0.671875
vt 0.546875 0.671875
vt 0.4375 0.671875
vt 0.359375 0.671875
vt 0.4375 0.671875
vt 0.4375 0.671875
vt 0.359375 0.671875
vt 0.625 0.671875
vt 0.734375 0.671875
vt 0.734375 0.671875
vt 0.625 0.671875
vt 0.546875 0.671875
vt 0.625 0.671875
vt 0.625 0.671875
vt 0.546875 0.671875
vt 0.546875 0.671875
vt 0.4375 0.671875
vt 0.4375 0.75
vt 0.546875 0.75
vt 0.65625 0.75
vt 0.546875 0.75
vt 0.546875 0.671875
vt 0.65625 0.671875
vn -0.30070579950427306 0 -0.9537169507482269
vn 0.9537169507482269 0 -0.30070579950427306
vn 0.30070579950427306 0 0.9537169507482269
vn -0.9537169507482269 0 0.30070579950427306
vn 0 1 0
vn 0 -1 0
usemtl m_32f36dd3-973c-0e1e-20ee-74677cd090d8
f 84/244/61 87/243/61 85/242/61 82/241/61
f 83/248/62 84/247/62 82/246/62 81/245/62
f 88/252/63 83/251/63 81/250/63 86/249/63
f 87/256/64 88/255/64 86/254/64 85/253/64
f 86/260/65 81/259/65 82/258/65 85/257/65
f 87/264/66 84/263/66 83/262/66 88/261/66
o cube
v 0.28568144409914464 0.5 0.1786105749876734
v 0.28568144409914464 0.5 0.1786105749876734
v 0.28568144409914464 0.0625 0.1786105749876734
v 0.28568144409914464 0.0625 0.1786105749876734
v -0.1315697218532047 0.5 0.31016936227079284
v -0.1315697218532047 0.5 0.31016936227079284
v -0.1315697218532047 0.0625 0.31016936227079284
v -0.1315697218532047 0.0625 0.31016936227079284
vt 0.40625 0.421875
vt 0.515625 0.421875
vt 0.515625 0.3125
vt 0.40625 0.3125
vt 0.40625 0.421875
vt 0.40625 0.421875
vt 0.40625 0.3125
vt 0.40625 0.3125
vt 0.515625 0.421875
vt 0.625 0.421875
vt 0.625 0.3125
vt 0.515625 0.3125
vt 0.515625 0.421875
vt 0.515625 0.421875
vt 0.515625 0.3125
vt 0.515625 0.3125
vt 0.515625 0.421875
vt 0.40625 0.421875
vt 0.40625 0.421875
vt 0.515625 0.421875
vt 0.625 0.421875
vt 0.515625 0.421875
vt 0.515625 0.421875
vt 0.625 0.421875
vn -0.30070579950427306 0 -0.9537169507482269
vn 0.9537169507482269 0 -0.30070579950427306
vn 0.30070579950427306 0 0.9537169507482269
vn -0.9537169507482269 0 0.30070579950427306
vn 0 1 0
vn 0 -1 0
usemtl m_32f36dd3-973c-0e1e-20ee-74677cd090d8
f 92/268/67 95/267/67 93/266/67 90/265/67
f 91/272/68 92/271/68 90/270/68 89/269/68
f 96/276/69 91/275/69 89/274/69 94/273/69
f 95/280/70 96/279/70 94/278/70 93/277/70
f 94/284/71 89/283/71 90/282/71 93/281/71
f 95/288/72 92/287/72 91/286/72 96/285/72
o cube
v 0.28976276379441934 0.5 0.17077043279859527
v 0.19579220144933396 0.5 -0.1272661143102256
v 0.28976276379441934 0.0625 0.17077043279859527
v 0.19579220144933396 0.0625 -0.1272661143102256
v 0.19579220144933396 0.5 -0.1272661143102256
v 0.28976276379441934 0.5 0.17077043279859527
v 0.19579220144933396 0.0625 -0.1272661143102256
v 0.28976276379441934 0.0625 0.17077043279859527
vt 0.328125 0.46875
vt 0.328125 0.46875
vt 0.328125 0.359375
vt 0.328125 0.359375
vt 0.25 0.46875
vt 0.328125 0.46875
vt 0.328125 0.359375
vt 0.25 0.359375
vt 0.40625 0.46875
vt 0.40625 0.46875
vt 0.40625 0.359375
vt 0.40625 0.359375
vt 0.328125 0.46875
vt 0.40625 0.46875
vt 0.40625 0.359375
vt 0.328125 0.359375
vt 0.328125 0.46875
vt 0.328125 0.46875
vt 0.328125 0.546875
vt 0.328125 0.546875
vt 0.328125 0.546875
vt 0.328125 0.546875
vt 0.328125 0.46875
vt 0.328125 0.46875
vn -0.30070579950427306 0 -0.9537169507482269
vn 0.9537169507482269 0 -0.30070579950427306
vn 0.30070579950427306 0 0.9537169507482269
vn -0.9537169507482269 0 0.30070579950427306
vn 0 1 0
vn 0 -1 0
usemtl m_32f36dd3-973c-0e1e-20ee-74677cd090d8
f 100/292/73 103/291/73 101/290/73 98/289/73
f 99/296/74 100/295/74 98/294/74 97/293/74
f 104/300/75 99/299/75 97/298/75 102/297/75
f 103/304/76 104/303/76 102/302/76 101/301/76
f 102/308/77 97/307/77 98/306/77 101/305/77
f 103/312/78 100/311/78 99/310/78 104/309/78
o cube
v -0.13940986404228284 0.5 0.30608804257551814
v -0.2333804263873681 0.5 0.008051495466697256
v -0.13940986404228284 0.0625 0.30608804257551814
v -0.2333804263873681 0.0625 0.008051495466697256
v -0.2333804263873681 0.5 0.008051495466697256
v -0.13940986404228284 0.5 0.30608804257551814
v -0.2333804263873681 0.0625 0.008051495466697256
v -0.13940986404228284 0.0625 0.30608804257551814
vt 0.078125 0.640625
vt 0.078125 0.640625
vt 0.078125 0.53125
vt 0.078125 0.53125
vt 0 0.640625
vt 0.078125 0.640625
vt 0.078125 0.53125
vt 0 0.53125
vt 0.15625 0.640625
vt 0.15625 0.640625
vt 0.15625 0.53125
vt 0.15625 0.53125
vt 0.078125 0.640625
vt 0.15625 0.640625
vt 0.15625 0.53125
vt 0.078125 0.53125
vt 0.078125 0.640625
vt 0.078125 0.640625
vt 0.078125 0.71875
vt 0.078125 0.71875
vt 0.078125 0.71875
vt 0.078125 0.71875
vt 0.078125 0.640625
vt 0.078125 0.640625
vn -0.30070579950427306 0 -0.9537169507482269
vn 0.9537169507482269 0 -0.30070579950427306
vn 0.30070579950427306 0 0.9537169507482269
vn -0.9537169507482269 0 0.30070579950427306
vn 0 1 0
vn 0 -1 0
usemtl m_32f36dd3-973c-0e1e-20ee-74677cd090d8
f 108/316/79 111/315/79 109/314/79 106/313/79
f 107/320/80 108/319/80 106/318/80 105/317/80
f 112/324/81 107/323/81 105/322/81 110/321/81
f 111/328/82 112/327/82 110/326/82 109/325/82
f 110/332/83 105/331/83 106/330/83 109/329/83
f 111/336/84 108/335/84 107/334/84 112/333/84
o cube
v 0.16002781579627545 0.44375 -0.11598964682881541
v 0.10364547838922422 0.44375 -0.29481157509410794
v 0.16002781579627545 0.44375 -0.11598964682881541
v 0.10364547838922422 0.44375 -0.29481157509410794
v -0.25399837814136084 0.44375 -0.18204690028000553
v -0.1976160407343096 0.44375 -0.003224972014713001
v -0.25399837814136084 0.44375 -0.18204690028000553
v -0.1976160407343096 0.44375 -0.003224972014713001
vt 0.40625 0.421875
vt 0.5 0.421875
vt 0.5 0.421875
vt 0.40625 0.421875
vt 0.359375 0.421875
vt 0.40625 0.421875
vt 0.40625 0.421875
vt 0.359375 0.421875
vt 0.546875 0.421875
vt 0.640625 0.421875
vt 0.640625 0.421875
vt 0.546875 0.421875
vt 0.5 0.421875
vt 0.546875 0.421875
vt 0.546875 0.421875
vt 0.5 0.421875
vt 0.5 0.421875
vt 0.40625 0.421875
vt 0.40625 0.46875
vt 0.5 0.46875
vt 0.59375 0.46875
vt 0.5 0.46875
vt 0.5 0.421875
vt 0.59375 0.421875
vn -0.30070579950427306 0 -0.9537169507482269
vn 0.9537169507482269 0 -0.30070579950427306
vn 0.30070579950427306 0 0.9537169507482269
vn -0.9537169507482269 0 0.30070579950427306
vn 0 1 0
vn 0 -1 0
usemtl m_32f36dd3-973c-0e1e-20ee-74677cd090d8
f 116/340/85 119/339/85 117/338/85 114/337/85
f 115/344/86 116/343/86 114/342/86 113/341/86
f 120/348/87 115/347/87 113/346/87 118/345/87
f 119/352/88 120/351/88 118/350/88 117/349/88
f 118/356/89 113/355/89 114/354/89 117/353/89
f 119/360/90 116/359/90 115/358/90 120/357/90
o cube
v 0.16598854673845187 0.4375 -0.11786905807571707
v 0.10960620933140075 0.4375 -0.29669098634100965
v 0.16598854673845187 0.0625 -0.11786905807571707
v 0.10960620933140075 0.0625 -0.29669098634100965
v 0.10960620933140075 0.4375 -0.29669098634100965
v 0.16598854673845187 0.4375 -0.11786905807571707
v 0.10960620933140075 0.0625 -0.29669098634100965
v 0.16598854673845187 0.0625 -0.11786905807571707
vt 0.234375 0.359375
vt 0.234375 0.359375
vt 0.234375 0.265625
vt 0.234375 0.265625
vt 0.1875 0.359375
vt 0.234375 0.359375
vt 0.234375 0.265625
vt 0.1875 0.265625
vt 0.28125 0.359375
vt 0.28125 0.359375
vt 0.28125 0.265625
vt 0.28125 0.265625
vt 0.234375 0.359375
vt 0.28125 0.359375
vt 0.28125 0.265625
vt 0.234375 0.265625
vt 0.234375 0.359375
vt 0.234375 0.359375
vt 0.234375 0.40625
vt 0.234375 0.40625
vt 0.234375 0.40625
vt 0.234375 0.40625
vt 0.234375 0.359375
vt 0.234375 0.359375
vn -0.30070579950427306 0 -0.9537169507482269
vn 0.9537169507482269 0 -0.30070579950427306
vn 0.30070579950427306 0 0.9537169507482269
vn -0.9537169507482269 0 0.30070579950427306
vn 0 1 0
vn 0 -1 0
usemtl m_32f36dd3-973c-0e1e-20ee-74677cd090d8
f 124/364/91 127/363/91 125/362/91 122/361/91
f 123/368/92 124/367/92 122/366/92 121/365/92
f 128/372/93 123/371/93 121/370/93 126/369/93
f 127/376/94 128/375/94 126/374/94 125/373/94
f 126/380/95 121/379/95 122/378/95 125/377/95
f 127/384/96 124/383/96 123/382/96 128/381/96
o cube
v -0.20357677167648602 0.4375 -0.0013455607678112824
v -0.25995910908353725 0.4375 -0.1801674890331038
v -0.20357677167648602 0.0625 -0.0013455607678112824
v -0.25995910908353725 0.0625 -0.1801674890331038
v -0.25995910908353725 0.4375 -0.1801674890331038
v -0.20357677167648602 0.4375 -0.0013455607678112824
v -0.25995910908353725 0.0625 -0.1801674890331038
v -0.20357677167648602 0.0625 -0.0013455607678112824
vt 0.046875 0.953125
vt 0.046875 0.953125
vt 0.046875 0.859375
vt 0.046875 0.859375
vt 0 0.953125
vt 0.046875 0.953125
vt 0.046875 0.859375
vt 0 0.859375
vt 0.09375 0.953125
vt 0.09375 0.953125
vt 0.09375 0.859375
vt 0.09375 0.859375
vt 0.046875 0.953125
vt 0.09375 0.953125
vt 0.09375 0.859375
vt 0.046875 0.859375
vt 0.046875 0.953125
vt 0.046875 0.953125
vt 0.046875 1
vt 0.046875 1
vt 0.046875 1
vt 0.046875 1
vt 0.046875 0.953125
vt 0.046875 0.953125
vn -0.30070579950427306 0 -0.9537169507482269
vn 0.9537169507482269 0 -0.30070579950427306
vn 0.30070579950427306 0 0.9537169507482269
vn -0.9537169507482269 0 0.30070579950427306
vn 0 1 0
vn 0 -1 0
usemtl m_32f36dd3-973c-0e1e-20ee-74677cd090d8
f 132/388/97 135/387/97 133/386/97 130/385/97
f 131/392/98 132/391/98 130/390/98 129/389/98
f 136/396/99 131/395/99 129/394/99 134/393/99
f 135/400/100 136/399/100 134/398/100 133/397/100
f 134/404/101 129/403/101 130/402/101 133/401/101
f 135/408/102 132/407/102 131/406/102 136/405/102
o cube
v 0.10176606714232261 0.4375 -0.3007723060362843
v 0.10176606714232261 0.4375 -0.3007723060362843
v 0.10176606714232261 0.0625 -0.3007723060362843
v 0.10176606714232261 0.0625 -0.3007723060362843
v -0.2558777893882625 0.4375 -0.1880076312221819
v -0.2558777893882625 0.4375 -0.1880076312221819
v -0.2558777893882625 0.0625 -0.1880076312221819
v -0.2558777893882625 0.0625 -0.1880076312221819
vt 0 0.40625
vt 0.09375 0.40625
vt 0.09375 0.3125
vt 0 0.3125
vt 0 0.40625
vt 0 0.40625
vt 0 0.3125
vt 0 0.3125
vt 0.09375 0.40625
vt 0.1875 0.40625
vt 0.1875 0.3125
vt 0.09375 0.3125
vt 0.09375 0.40625
vt 0.09375 0.40625
vt 0.09375 0.3125
vt 0.09375 0.3125
vt 0.09375 0.40625
vt 0 0.40625
vt 0 0.40625
vt 0.09375 0.40625
vt 0.1875 0.40625
vt 0.09375 0.40625
vt 0.09375 0.40625
vt 0.1875 0.40625
vn -0.30070579950427306 0 -0.9537169507482269
vn 0.9537169507482269 0 -0.30070579950427306
vn 0.30070579950427306 0 0.9537169507482269
vn -0.9537169507482269 0 0.30070579950427306
vn 0 1 0
vn 0 -1 0
usemtl m_32f36dd3-973c-0e1e-20ee-74677cd090d8
f 140/412/103 143/411/103 141/410/103 138/409/103
f 139/416/104 140/415/104 138/414/104 137/413/104
f 144/420/105 139/419/105 137/418/105 142/417/105
f 143/424/106 144/423/106 142/422/106 141/421/106
f 142/428/107 137/427/107 138/426/107 141/425/107
f 143/432/108 140/431/108 139/430/108 144/429/108
o cube
v 0.2838020328522429 0.5125 0.172649844045497
v 0.18983147050715754 0.5125 -0.1253867030633239
v 0.2838020328522429 0.5125 0.172649844045497
v 0.18983147050715754 0.5125 -0.1253867030633239
v -0.2274196954451917 0.5125 0.006172084219795537
v -0.13344913310010642 0.5125 0.30420863132861653
v -0.2274196954451917 0.5125 0.006172084219795537
v -0.13344913310010642 0.5125 0.30420863132861653
vt 0.4375 0.75
vt 0.546875 0.75
vt 0.546875 0.75
vt 0.4375 0.75
vt 0.359375 0.75
vt 0.4375 0.75
vt 0.4375 0.75
vt 0.359375 0.75
vt 0.625 0.75
vt 0.734375 0.75
vt 0.734375 0.75
vt 0.625 0.75
vt 0.546875 0.75
vt 0.625 0.75
vt 0.625 0.75
vt 0.546875 0.75
vt 0.546875 0.75
vt 0.4375 0.75
vt 0.4375 0.828125
vt 0.546875 0.828125
vt 0.65625 0.828125
vt 0.546875 0.828125
vt 0.546875 0.75
vt 0.65625 0.75
vn -0.30070579950427306 0 -0.9537169507482269
vn 0.9537169507482269 0 -0.30070579950427306
vn 0.30070579950427306 0 0.9537169507482269
vn -0.9537169507482269 0 0.30070579950427306
vn 0 1 0
vn 0 -1 0
usemtl m_32f36dd3-973c-0e1e-20ee-74677cd090d8
f 148/436/109 151/435/109 149/434/109 146/433/109
f 147/440/110 148/439/110 146/438/110 145/437/110
f 152/444/111 147/443/111 145/442/111 150/441/111
f 151/448/112 152/447/112 150/446/112 149/445/112
f 150/452/113 145/451/113 146/450/113 149/449/113
f 151/456/114 148/455/114 147/454/114 152/453/114
o cube
v 0.3709536466666099 0.2187499999999999 0.012038611806431287
v 0.29060519545579255 0.2187499999999999 -0.08371694358344095
v 0.3709536466666099 0.09375 0.012038611806431287
v 0.29060519545579255 0.09375 -0.08371694358344095
v 0.19484964006592032 0.2187499999999999 -0.0033684923726234883
v 0.27519809127673767 0.2187499999999999 0.09238706301724875
v 0.19484964006592032 0.09375 -0.0033684923726234883
v 0.27519809127673767 0.09375 0.09238706301724875
vt 0.3125 0.328125
vt 0.34375 0.328125
vt 0.34375 0.296875
vt 0.3125 0.296875
vt 0.28125 0.328125
vt 0.3125 0.328125
vt 0.3125 0.296875
vt 0.28125 0.296875
vt 0.375 0.328125
vt 0.40625 0.328125
vt 0.40625 0.296875
vt 0.375 0.296875
vt 0.34375 0.328125
vt 0.375 0.328125
vt 0.375 0.296875
vt 0.34375 0.296875
vt 0.34375 0.328125
vt 0.3125 0.328125
vt 0.3125 0.359375
vt 0.34375 0.359375
vt 0.375 0.359375
vt 0.34375 0.359375
vt 0.34375 0.328125
vt 0.375 0.328125
vn -0.6427876096865393 0 -0.766044443118978
vn 0.766044443118978 0 -0.6427876096865393
vn 0.6427876096865393 0 0.766044443118978
vn -0.766044443118978 0 0.6427876096865393
vn 0 1 0
vn 0 -1 0
usemtl m_32f36dd3-973c-0e1e-20ee-74677cd090d8
f 156/460/115 159/459/115 157/458/115 154/457/115
f 155/464/116 156/463/116 154/462/116 153/461/116
f 160/468/117 155/467/117 153/466/117 158/465/117
f 159/472/118 160/471/118 158/470/118 157/469/118
f 158/476/119 153/475/119 154/474/119 157/473/119
f 159/480/120 156/479/120 155/478/120 160/477/120
o cube
v 0.4105773427136721 0.21875 0.21648316215123087
v 0.3729891177756379 0.21875 0.09726854330770252
v 0.4105773427136721 0.09375 0.21648316215123087
v 0.3729891177756379 0.09375 0.09726854330770252
v 0.25377449893210935 0.21875 0.13485676824573678
v 0.2913627238701435 0.21875 0.254071387089265
v 0.25377449893210935 0.09375 0.13485676824573678
v 0.2913627238701435 0.09375 0.254071387089265
vt 0.65625 0.375
vt 0.6875 0.375
vt 0.6875 0.34375
vt 0.65625 0.34375
vt 0.625 0.375
vt 0.65625 0.375
vt 0.65625 0.34375
vt 0.625 0.34375
vt 0.71875 0.375
vt 0.75 0.375
vt 0.75 0.34375
vt 0.71875 0.34375
vt 0.6875 0.375
vt 0.71875 0.375
vt 0.71875 0.34375
vt 0.6875 0.34375
vt 0.6875 0.375
vt 0.65625 0.375
vt 0.65625 0.40625
vt 0.6875 0.40625
vt 0.71875 0.40625
vt 0.6875 0.40625
vt 0.6875 0.375
vt 0.71875 0.375
vn -0.30070579950427306 0 -0.9537169507482269
vn 0.9537169507482269 0 -0.30070579950427306
vn 0.30070579950427306 0 0.9537169507482269
vn -0.9537169507482269 0 0.30070579950427306
vn 0 1 0
vn 0 -1 0
usemtl m_32f36dd3-973c-0e1e-20ee-74677cd090d8
f 164/484/121 167/483/121 165/482/121 162/481/121
f 163/488/122 164/487/122 162/486/122 161/485/122
f 168/492/123 163/491/123 161/490/123 166/489/123
f 167/496/124 168/495/124 166/494/124 165/493/124
f 166/500/125 161/499/125 162/498/125 165/497/125
f 167/504/126 164/503/126 163/502/126 168/501/126
o cube
v -0.13529635333339007 0.1874999999999999 0.2307886118064313
v -0.21564480454420748 0.1874999999999999 0.13503305641655905
v -0.13529635333339007 0.0625 0.2307886118064313
v -0.21564480454420748 0.0625 0.13503305641655905
v -0.3114003599340799 0.1874999999999999 0.21538150762737662
v -0.23105190872326248 0.1874999999999999 0.31113706301724886
v -0.3114003599340799 0.0625 0.21538150762737662
v -0.23105190872326248 0.0625 0.31113706301724886
vt 0.65625 0.4375
vt 0.6875 0.4375
vt 0.6875 0.40625
vt 0.65625 0.40625
vt 0.625 0.4375
vt 0.65625 0.4375
vt 0.65625 0.40625
vt 0.625 0.40625
vt 0.71875 0.4375
vt 0.75 0.4375
vt 0.75 0.40625
vt 0.71875 0.40625
vt 0.6875 0.4375
vt 0.71875 0.4375
vt 0.71875 0.40625
vt 0.6875 0.40625
vt 0.6875 0.4375
vt 0.65625 0.4375
vt 0.65625 0.46875
vt 0.6875 0.46875
vt 0.71875 0.46875
vt 0.6875 0.46875
vt 0.6875 0.4375
vt 0.71875 0.4375
vn -0.6427876096865393 0 -0.766044443118978
vn 0.766044443118978 0 -0.6427876096865393
vn 0.6427876096865393 0 0.766044443118978
vn -0.766044443118978 0 0.6427876096865393
vn 0 1 0
vn 0 -1 0
usemtl m_32f36dd3-973c-0e1e-20ee-74677cd090d8
f 172/508/127 175/507/127 173/506/127 170/505/127
f 171/512/128 172/511/128 170/510/128 169/509/128
f 176/516/129 171/515/129 169/514/129 174/513/129
f 175/520/130 176/519/130 174/518/130 173/517/130
f 174/524/131 169/523/131 170/522/131 173/521/131
f 175/528/132 172/527/132 171/526/132 176/525/132
o cube
v -0.20033014867437043 0.2187499999999999 0.03630785603621489
v -0.30858332414742523 0.2187499999999999 -0.02619214396378511
v -0.20033014867437043 0.09375 0.03630785603621489
v -0.30858332414742523 0.09375 -0.02619214396378511
v -0.3710833241474254 0.2187499999999999 0.08206103150926991
v -0.26283014867437055 0.2187499999999999 0.1445610315092699
v -0.3710833241474254 0.09375 0.08206103150926991
v -0.26283014867437055 0.09375 0.1445610315092699
vt 0.65625 0.671875
vt 0.6875 0.671875
vt 0.6875 0.640625
vt 0.65625 0.640625
vt 0.625 0.671875
vt 0.65625 0.671875
vt 0.65625 0.640625
vt 0.625 0.640625
vt 0.71875 0.671875
vt 0.75 0.671875
vt 0.75 0.640625
vt 0.71875 0.640625
vt 0.6875 0.671875
vt 0.71875 0.671875
vt 0.71875 0.640625
vt 0.6875 0.640625
vt 0.6875 0.671875
vt 0.65625 0.671875
vt 0.65625 0.703125
vt 0.6875 0.703125
vt 0.71875 0.703125
vt 0.6875 0.703125
vt 0.6875 0.671875
vt 0.71875 0.671875
vn -0.8660254037844386 0 -0.5000000000000002
vn 0.5000000000000002 0 -0.8660254037844386
vn 0.8660254037844386 0 0.5000000000000002
vn -0.5000000000000002 0 0.8660254037844386
vn 0 1 0
vn 0 -1 0
usemtl m_32f36dd3-973c-0e1e-20ee-74677cd090d8
f 180/532/133 183/531/133 181/530/133 178/529/133
f 179/536/134 180/535/134 178/534/134 177/533/134
f 184/540/135 179/539/135 177/538/135 182/537/135
f 183/544/136 184/543/136 182/542/136 181/541/136
f 182/548/137 177/547/137 178/546/137 181/545/137
f 183/552/138 180/551/138 179/550/138 184/549/138
o cube
v 0.4811398195477121 0.2493718433538229 0.175962549221657
v 0.3307869197955756 0.2493718433538229 -0.3008959261524564
v 0.3125448887460551 0.07259514805718603 0.2291203267145555
v 0.16219198899391873 0.07259514805718603 -0.24773814865955796
v 0.3307869197955756 0.2493718433538229 -0.3008959261524564
v 0.4811398195477121 0.2493718433538229 0.175962549221657
v 0.16219198899391873 0.07259514805718603 -0.24773814865955796
v 0.3125448887460551 0.07259514805718603 0.2291203267145555
vt 0.125 0.46875
vt 0.125 0.46875
vt 0.125 0.40625
vt 0.125 0.40625
vt 0 0.46875
vt 0.125 0.46875
vt 0.125 0.40625
vt 0 0.40625
vt 0.25 0.46875
vt 0.25 0.46875
vt 0.25 0.40625
vt 0.25 0.40625
vt 0.125 0.46875
vt 0.25 0.46875
vt 0.25 0.40625
vt 0.125 0.40625
vt 0.125 0.46875
vt 0.125 0.46875
vt 0.125 0.59375
vt 0.125 0.59375
vt 0.125 0.59375
vt 0.125 0.59375
vt 0.125 0.46875
vt 0.125 0.46875
vn -0.30070579950427306 0 -0.953716950748227
vn 0.6743797232066278 -0.7071067811865476 -0.21263110997159382
vn 0.30070579950427306 0 0.953716950748227
vn -0.6743797232066278 0.7071067811865476 0.21263110997159382
vn 0.6743797232066279 0.7071067811865475 -0.21263110997159385
vn -0.6743797232066279 -0.7071067811865475 0.21263110997159385
usemtl m_32f36dd3-973c-0e1e-20ee-74677cd090d8
f 188/556/139 191/555/139 189/554/139 186/553/139
f 187/560/140 188/559/140 186/558/140 185/557/140
f 192/564/141 187/563/141 185/562/141 190/561/141
f 191/568/142 192/567/142 190/566/142 189/565/142
f 190/572/143 185/571/143 186/570/143 189/569/143
f 191/576/144 188/575/144 187/574/144 192/573/144
o cube
v -0.29319869485754146 0.2493718433538229 0.42011054499598477
v -0.44355159460967797 0.2493718433538229 -0.0567479303781287
v -0.12460376405588452 0.07259514805718603 0.36695276750308636
v -0.27495666380802103 0.07259514805718603 -0.10990570787102716
v -0.44355159460967797 0.2493718433538229 -0.0567479303781287
v -0.29319869485754146 0.2493718433538229 0.42011054499598477
v -0.27495666380802103 0.07259514805718603 -0.10990570787102716
v -0.12460376405588452 0.07259514805718603 0.36695276750308636
vt 0.5 0.53125
vt 0.5 0.53125
vt 0.5 0.46875
vt 0.5 0.46875
vt 0.375 0.53125
vt 0.5 0.53125
vt 0.5 0.46875
vt 0.375 0.46875
vt 0.625 0.53125
vt 0.625 0.53125
vt 0.625 0.46875
vt 0.625 0.46875
vt 0.5 0.53125
vt 0.625 0.53125
vt 0.625 0.46875
vt 0.5 0.46875
vt 0.5 0.53125
vt 0.5 0.53125
vt 0.5 0.65625
vt 0.5 0.65625
vt 0.5 0.65625
vt 0.5 0.65625
vt 0.5 0.53125
vt 0.5 0.53125
vn -0.30070579950427306 0 -0.953716950748227
vn 0.6743797232066278 0.7071067811865476 -0.21263110997159382
vn 0.30070579950427306 0 0.953716950748227
vn -0.6743797232066278 -0.7071067811865476 0.21263110997159382
vn -0.6743797232066279 0.7071067811865475 0.21263110997159385
vn 0.6743797232066279 -0.7071067811865475 -0.21263110997159385
usemtl m_32f36dd3-973c-0e1e-20ee-74677cd090d8
f 196/580/145 199/579/145 197/578/145 194/577/145
f 195/584/146 196/583/146 194/582/146 193/581/146
f 200/588/147 195/587/147 193/586/147 198/585/147
f 199/592/148 200/591/148 198/590/148 197/589/148
f 198/596/149 193/595/149 194/594/149 197/593/149
f 199/600/150 196/599/150 195/598/150 200/597/150
o cube
v 0.057887984468948495 0.2085247564417433 -0.4399358049808207
v 0.057887984468948495 0.2085247564417433 -0.4399358049808207
v 0.11104576196184701 0.03174806114510642 -0.2713408741791638
v 0.11104576196184701 0.03174806114510642 -0.2713408741791638
v -0.29975587206163656 0.2085247564417433 -0.3271711301667183
v -0.29975587206163656 0.2085247564417433 -0.3271711301667183
v -0.24659809456873805 0.03174806114510642 -0.1585761993650614
v -0.24659809456873805 0.03174806114510642 -0.1585761993650614
vt 0.625 0.53125
vt 0.71875 0.53125
vt 0.71875 0.46875
vt 0.625 0.46875
vt 0.625 0.53125
vt 0.625 0.53125
vt 0.625 0.46875
vt 0.625 0.46875
vt 0.71875 0.53125
vt 0.8125 0.53125
vt 0.8125 0.46875
vt 0.71875 0.46875
vt 0.71875 0.53125
vt 0.71875 0.53125
vt 0.71875 0.46875
vt 0.71875 0.46875
vt 0.71875 0.53125
vt 0.625 0.53125
vt 0.625 0.53125
vt 0.71875 0.53125
vt 0.8125 0.53125
vt 0.71875 0.53125
vt 0.71875 0.53125
vt 0.8125 0.53125
vn -0.21263110997159387 -0.7071067811865477 -0.6743797232066279
vn 0.953716950748227 0 -0.30070579950427306
vn 0.21263110997159387 0.7071067811865477 0.6743797232066279
vn -0.953716950748227 0 0.30070579950427306
vn -0.2126311099715939 0.7071067811865476 -0.674379723206628
vn 0.2126311099715939 -0.7071067811865476 0.674379723206628
usemtl m_32f36dd3-973c-0e1e-20ee-74677cd090d8
f 204/604/151 207/603/151 205/602/151 202/601/151
f 203/608/152 204/607/152 202/606/152 201/605/152
f 208/612/153 203/611/153 201/610/153 206/609/153
f 207/616/154 208/615/154 206/614/154 205/613/154
f 206/620/155 201/619/155 202/618/155 205/617/155
f 207/624/156 204/623/156 203/622/156 208/621/156