# Made in Blockbench 4.6.4
mtllib kabobs.mtl

o cube
v 0.25 0.006249999999999978 0.3125
v 0.25 0.006249999999999978 -0.3125
v 0.25 0.006249999999999978 0.3125
v 0.25 0.006249999999999978 -0.3125
v -0.25 0.006249999999999978 -0.3125
v -0.25 0.006249999999999978 0.3125
v -0.25 0.006249999999999978 -0.3125
v -0.25 0.006249999999999978 0.3125
vt 0.15625 0.84375
vt 0.28125 0.84375
vt 0.28125 0.84375
vt 0.15625 0.84375
vt 0 0.84375
vt 0.15625 0.84375
vt 0.15625 0.84375
vt 0 0.84375
vt 0.4375 0.84375
vt 0.5625 0.84375
vt 0.5625 0.84375
vt 0.4375 0.84375
vt 0.28125 0.84375
vt 0.4375 0.84375
vt 0.4375 0.84375
vt 0.28125 0.84375
vt 0.28125 0.84375
vt 0.15625 0.84375
vt 0.15625 1
vt 0.28125 1
vt 0.40625 1
vt 0.28125 1
vt 0.28125 0.84375
vt 0.40625 0.84375
vn 0 0 -1
vn 1 0 0
vn 0 0 1
vn -1 0 0
vn 0 1 0
vn 0 -1 0
usemtl m_543913e8-2829-9c59-a8cb-fdccff5e97de
f 4/4/1 7/3/1 5/2/1 2/1/1
f 3/8/2 4/7/2 2/6/2 1/5/2
f 8/12/3 3/11/3 1/10/3 6/9/3
f 7/16/4 8/15/4 6/14/4 5/13/4
f 6/20/5 1/19/5 2/18/5 5/17/5
f 7/24/6 4/23/6 3/22/6 8/21/6
o cube
v 0.05153830237520729 0.23308169739774298 -0.10517386058264888
v 0.036110795469535883 0.25187580986675995 -0.1627501001887346
v 0.10348349638782983 0.12983880897676836 -0.15279321389078598
v 0.08805598948215831 0.14863292144578544 -0.21036945349687175
v -0.18274682895047684 0.1326611910232316 -0.14302157041024122
v -0.16731932204480532 0.11386707855421463 -0.0854453308041555
v -0.1308016349378543 0.029418302602257085 -0.19064092371837832
v -0.11537412803218283 0.010624190133240008 -0.13306468411229255
vt 0.015625 0.984375
vt 0.078125 0.984375
vt 0.078125 0.953125
vt 0.015625 0.953125
vt 0 0.984375
vt 0.015625 0.984375
vt 0.015625 0.953125
vt 0 0.953125
vt 0.09375 0.984375
vt 0.15625 0.984375
vt 0.15625 0.953125
vt 0.09375 0.953125
vt 0.078125 0.984375
vt 0.09375 0.984375
vt 0.09375 0.953125
vt 0.078125 0.953125
vt 0.078125 0.984375
vt 0.015625 0.984375
vt 0.015625 1
vt 0.078125 1
vt 0.140625 1
vt 0.078125 1
vt 0.078125 0.984375
vt 0.140625 0.984375
vn -0.2468401104907439 0.3007057995042727 -0.921219833697372
vn 0.8754304976800509 0.47685847537411347 -0.07891411911397361
vn 0.2468401104907439 -0.3007057995042727 0.921219833697372
vn -0.8754304976800509 -0.47685847537411347 0.07891411911397361
vn -0.4155615521009803 0.8259431073677969 0.3809548264650968
vn 0.4155615521009803 -0.8259431073677969 -0.3809548264650968
usemtl m_543913e8-2829-9c59-a8cb-fdccff5e97de
f 12/28/7 15/27/7 13/26/7 10/25/7
f 11/32/8 12/31/8 10/30/8 9/29/8
f 16/36/9 11/35/9 9/34/9 14/33/9
f 15/40/10 16/39/10 14/38/10 13/37/10
f 14/44/11 9/43/11 10/42/11 13/41/11
f 15/48/12 12/47/12 11/46/12 16/45/12
o cube
v 0.05800494989200511 0.20579597631612723 0.032986191476152116
v 0.05800494989200511 0.20579597631612723 0.032986191476152116
v 0.08413802650886115 0.08375897542613564 0.025983854700924902
v 0.08413802650886115 0.08375897542613564 0.025983854700924902
v -0.05987374103049986 0.17874102457386443 0.06457169151367526
v -0.05987374103049986 0.17874102457386443 0.06457169151367526
v -0.03374066441364376 0.05670402368387273 0.05756935473844804
v -0.03374066441364376 0.05670402368387273 0.05756935473844804
vt 0.125 0.796875
vt 0.15625 0.796875
vt 0.15625 0.765625
vt 0.125 0.765625
vt 0.125 0.796875
vt 0.125 0.796875
vt 0.125 0.765625
vt 0.125 0.765625
vt 0.15625 0.796875
vt 0.1875 0.796875
vt 0.1875 0.765625
vt 0.15625 0.765625
vt 0.15625 0.796875
vt 0.15625 0.796875
vt 0.15625 0.765625
vt 0.15625 0.765625
vt 0.15625 0.796875
vt 0.125 0.796875
vt 0.125 0.796875
vt 0.15625 0.796875
vt 0.1875 0.796875
vt 0.15625 0.796875
vt 0.15625 0.796875
vt 0.1875 0.796875
vn -0.25881904510252074 0 -0.9659258262890683
vn 0.9430295273800398 0.21643961393810288 -0.25268400030018495
vn 0.25881904510252074 0 0.9659258262890683
vn -0.9430295273800398 -0.21643961393810288 0.25268400030018495
vn -0.20906461293484896 0.9762960071199334 0.05601869420181802
vn 0.20906461293484896 -0.9762960071199334 -0.05601869420181802
usemtl m_543913e8-2829-9c59-a8cb-fdccff5e97de
f 20/52/13 23/51/13 21/50/13 18/49/13
f 19/56/14 20/55/14 18/54/14 17/53/14
f 24/60/15 19/59/15 17/58/15 22/57/15
f 23/64/16 24/63/16 22/62/16 21/61/16
f 22/68/17 17/67/17 18/66/17 21/65/17
f 23/72/18 20/71/18 19/70/18 24/69/18
o cube
v 0.025652569254190016 0.20579597631612723 -0.08775453680998141
v 0.025652569254190016 0.20579597631612723 -0.08775453680998141
v 0.05178564587104606 0.08375897542613564 -0.09475687358520868
v 0.05178564587104606 0.08375897542613564 -0.09475687358520868
v -0.09222612166831501 0.17874102457386443 -0.05616903677245827
v -0.09222612166831501 0.17874102457386443 -0.05616903677245827
v -0.06609304505145885 0.05670402368387273 -0.06317137354768554
v -0.06609304505145885 0.05670402368387273 -0.06317137354768554
vt 0.0625 0.8125
vt 0.09375 0.8125
vt 0.09375 0.78125
vt 0.0625 0.78125
vt 0.0625 0.8125
vt 0.0625 0.8125
vt 0.0625 0.78125
vt 0.0625 0.78125
vt 0.09375 0.8125
vt 0.125 0.8125
vt 0.125 0.78125
vt 0.09375 0.78125
vt 0.09375 0.8125
vt 0.09375 0.8125
vt 0.09375 0.78125
vt 0.09375 0.78125
vt 0.09375 0.8125
vt 0.0625 0.8125
vt 0.0625 0.8125
vt 0.09375 0.8125
vt 0.125 0.8125
vt 0.09375 0.8125
vt 0.09375 0.8125
vt 0.125 0.8125
vn -0.25881904510252074 0 -0.9659258262890683
vn 0.9430295273800398 0.21643961393810288 -0.25268400030018495
vn 0.25881904510252074 0 0.9659258262890683
vn -0.9430295273800398 -0.21643961393810288 0.25268400030018495
vn -0.20906461293484896 0.9762960071199334 0.05601869420181802
vn 0.20906461293484896 -0.9762960071199334 -0.05601869420181802
usemtl m_543913e8-2829-9c59-a8cb-fdccff5e97de
f 28/76/19 31/75/19 29/74/19 26/73/19
f 27/80/20 28/79/20 26/78/20 25/77/20
f 32/84/21 27/83/21 25/82/21 30/81/21
f 31/88/22 32/87/22 30/86/22 29/85/22
f 30/92/23 25/91/23 26/90/23 29/89/23
f 31/96/24 28/95/24 27/94/24 32/93/24
o cube
v 0.05800494989200511 0.20579597631612723 0.032986191476152116
v 0.025652569254190016 0.20579597631612723 -0.08775453680998141
v 0.05800494989200511 0.20579597631612723 0.032986191476152116
v 0.025652569254190016 0.20579597631612723 -0.08775453680998141
v -0.09222612166831501 0.17874102457386443 -0.05616903677245827
v -0.05987374103049986 0.17874102457386443 0.06457169151367526
v -0.09222612166831501 0.17874102457386443 -0.05616903677245827
v -0.05987374103049986 0.17874102457386443 0.06457169151367526
vt 0.09375 0.859375
vt 0.125 0.859375
vt 0.125 0.859375
vt 0.09375 0.859375
vt 0.0625 0.859375
vt 0.09375 0.859375
vt 0.09375 0.859375
vt 0.0625 0.859375
vt 0.15625 0.859375
vt 0.1875 0.859375
vt 0.1875 0.859375
vt 0.15625 0.859375
vt 0.125 0.859375
vt 0.15625 0.859375
vt 0.15625 0.859375
vt 0.125 0.859375
vt 0.125 0.859375
vt 0.09375 0.859375
vt 0.09375 0.890625
vt 0.125 0.890625
vt 0.15625 0.890625
vt 0.125 0.890625
vt 0.125 0.859375
vt 0.15625 0.859375
vn -0.25881904510252074 0 -0.9659258262890683
vn 0.9430295273800398 0.21643961393810288 -0.25268400030018495
vn 0.25881904510252074 0 0.9659258262890683
vn -0.9430295273800398 -0.21643961393810288 0.25268400030018495
vn -0.20906461293484896 0.9762960071199334 0.05601869420181802
vn 0.20906461293484896 -0.9762960071199334 -0.05601869420181802
usemtl m_543913e8-2829-9c59-a8cb-fdccff5e97de
f 36/100/25 39/99/25 37/98/25 34/97/25
f 35/104/26 36/103/26 34/102/26 33/101/26
f 40/108/27 35/107/27 33/106/27 38/105/27
f 39/112/28 40/111/28 38/110/28 37/109/28
f 38/116/29 33/115/29 34/114/29 37/113/29
f 39/120/30 36/119/30 35/118/30 40/117/30
o cube
v 0.08413802650886115 0.08375897542613564 0.025983854700924902
v 0.05178564587104606 0.08375897542613564 -0.09475687358520868
v 0.08413802650886115 0.08375897542613564 0.025983854700924902
v 0.05178564587104606 0.08375897542613564 -0.09475687358520868
v -0.06609304505145885 0.05670402368387273 -0.06317137354768554
v -0.03374066441364376 0.05670402368387273 0.05756935473844804
v -0.06609304505145885 0.05670402368387273 -0.06317137354768554
v -0.03374066441364376 0.05670402368387273 0.05756935473844804
vt 0.03125 0.859375
vt 0.0625 0.859375
vt 0.0625 0.859375
vt 0.03125 0.859375
vt 0 0.859375
vt 0.03125 0.859375
vt 0.03125 0.859375
vt 0 0.859375
vt 0.09375 0.859375
vt 0.125 0.859375
vt 0.125 0.859375
vt 0.09375 0.859375
vt 0.0625 0.859375
vt 0.09375 0.859375
vt 0.09375 0.859375
vt 0.0625 0.859375
vt 0.0625 0.859375
vt 0.03125 0.859375
vt 0.03125 0.890625
vt 0.0625 0.890625
vt 0.09375 0.890625
vt 0.0625 0.890625
vt 0.0625 0.859375
vt 0.09375 0.859375
vn -0.25881904510252074 0 -0.9659258262890683
vn 0.9430295273800398 0.21643961393810288 -0.25268400030018495
vn 0.25881904510252074 0 0.9659258262890683
vn -0.9430295273800398 -0.21643961393810288 0.25268400030018495
vn -0.20906461293484896 0.9762960071199334 0.05601869420181802
vn 0.20906461293484896 -0.9762960071199334 -0.05601869420181802
usemtl m_543913e8-2829-9c59-a8cb-fdccff5e97de
f 44/124/31 47/123/31 45/122/31 42/121/31
f 43/128/32 44/127/32 42/126/32 41/125/32
f 48/132/33 43/131/33 41/130/33 46/129/33
f 47/136/34 48/135/34 46/134/34 45/133/34
f 46/140/35 41/139/35 42/138/35 45/137/35
f 47/144/36 44/143/36 43/142/36 48/141/36
o cube
v 0.16522747487297962 0.18198713438870606 0.1433712392396791
v 0.14905128455407202 0.18198713438870606 0.08300087509661225
v 0.0959192603827822 0.008759722042839702 0.16194231934117043
v 0.07974307006387471 0.008759722042839702 0.10157195519810369
v -0.01827354685202598 0.25374027795716025 0.12783542854554997
v -0.0020973565331184885 0.25374027795716025 0.1882057926886167
v -0.0875817613422234 0.080512865611294 0.1464065086470414
v -0.0714055710233158 0.080512865611294 0.20677687279010826
vt 0.015625 0.9375
vt 0.0625 0.9375
vt 0.0625 0.890625
vt 0.015625 0.890625
vt 0 0.9375
vt 0.015625 0.9375
vt 0.015625 0.890625
vt 0 0.890625
vt 0.078125 0.9375
vt 0.125 0.9375
vt 0.125 0.890625
vt 0.078125 0.890625
vt 0.0625 0.9375
vt 0.078125 0.9375
vt 0.078125 0.890625
vt 0.0625 0.890625
vt 0.0625 0.9375
vt 0.015625 0.9375
vt 0.015625 0.953125
vt 0.0625 0.953125
vt 0.109375 0.953125
vt 0.0625 0.953125
vt 0.0625 0.9375
vt 0.109375 0.9375
vn -0.25881904510252074 -2.7755575615628914e-17 -0.9659258262890684
vn 0.8923991008325229 -0.3826834323650896 -0.2391176183943345
vn 0.25881904510252074 2.7755575615628914e-17 0.9659258262890684
vn -0.8923991008325229 0.3826834323650896 0.2391176183943345
vn 0.36964381061438595 0.923879532511287 -0.09904576054128758
vn -0.36964381061438595 -0.923879532511287 0.09904576054128758
usemtl m_543913e8-2829-9c59-a8cb-fdccff5e97de
f 52/148/37 55/147/37 53/146/37 50/145/37
f 51/152/38 52/151/38 50/150/38 49/149/38
f 56/156/39 51/155/39 49/154/39 54/153/39
f 55/160/40 56/159/40 54/158/40 53/157/40
f 54/164/41 49/163/41 50/162/41 53/161/41
f 55/168/42 52/167/42 51/166/42 56/165/42
o cube
v 0.1131999943429518 0.1649671111167984 0.10595330955432336
v 0.09460633129389684 0.16601038717146266 0.046292289872357006
v 0.06699451801615353 0.049482169552887534 0.11833402962198436
v 0.04840085496709856 0.0505254456075519 0.058673009940018006
v -0.015426194511369173 0.21380028748811064 0.08142018039596133
v 0.0031674685376857914 0.21275701143344639 0.14108120007792768
v -0.061631670838167396 0.09831534592419988 0.09380090046362233
v -0.04303800778911243 0.09727206986953552 0.15346192014558857
vt 0.015625 0.84375
vt 0.046875 0.84375
vt 0.046875 0.8125
vt 0.015625 0.8125
vt 0 0.84375
vt 0.015625 0.84375
vt 0.015625 0.8125
vt 0 0.8125
vt 0.0625 0.84375
vt 0.09375 0.84375
vt 0.09375 0.8125
vt 0.0625 0.8125
vt 0.046875 0.84375
vt 0.0625 0.84375
vt 0.0625 0.8125
vt 0.046875 0.8125
vt 0.046875 0.84375
vt 0.015625 0.84375
vt 0.015625 0.859375
vt 0.046875 0.859375
vt 0.078125 0.859375
vt 0.046875 0.859375
vt 0.046875 0.84375
vt 0.078125 0.84375
vn -0.2974986087848794 0.016692416874629204 -0.9545763149114611
vn 0.8802602064421278 -0.3823192025331839 -0.2810231241888343
vn 0.2974986087848794 -0.016692416874629204 0.9545763149114611
vn -0.8802602064421278 0.3823192025331839 0.2810231241888343
vn 0.36964381061438606 0.923879532511287 -0.09904576054128761
vn -0.36964381061438606 -0.923879532511287 0.09904576054128761
usemtl m_543913e8-2829-9c59-a8cb-fdccff5e97de
f 60/172/43 63/171/43 61/170/43 58/169/43
f 59/176/44 60/175/44 58/174/44 57/173/44
f 64/180/45 59/179/45 57/178/45 62/177/45
f 63/184/46 64/183/46 62/182/46 61/181/46
f 62/188/47 57/187/47 58/186/47 61/185/47
f 63/192/48 60/191/48 59/190/48 64/189/48
o cube
v 0.12162432542795287 0.22499999999999998 0.29890997058258695
v 0.12162432542795287 0.22499999999999998 0.29890997058258695
v 0.12162432542795287 0.03749999999999998 0.29890997058258695
v 0.12162432542795287 0.03749999999999998 0.29890997058258695
v 0.019230319891828884 0.22499999999999998 0.2272129160387062
v 0.019230319891828884 0.22499999999999998 0.2272129160387062
v 0.019230319891828884 0.03749999999999998 0.2272129160387062
v 0.019230319891828884 0.03749999999999998 0.2272129160387062
vt 0 0.8125
vt 0.03125 0.8125
vt 0.03125 0.765625
vt 0 0.765625
vt 0 0.8125
vt 0 0.8125
vt 0 0.765625
vt 0 0.765625
vt 0.03125 0.8125
vt 0.0625 0.8125
vt 0.0625 0.765625
vt 0.03125 0.765625
vt 0.03125 0.8125
vt 0.03125 0.8125
vt 0.03125 0.765625
vt 0.03125 0.765625
vt 0.03125 0.8125
vt 0 0.8125
vt 0 0.8125
vt 0.03125 0.8125
vt 0.0625 0.8125
vt 0.03125 0.8125
vt 0.03125 0.8125
vt 0.0625 0.8125
vn 0.5735764363510462 0 -0.8191520442889917
vn 0.8191520442889917 0 0.5735764363510462
vn -0.5735764363510462 0 0.8191520442889917
vn -0.8191520442889917 0 -0.5735764363510462
vn 0 1 0
vn 0 -1 0
usemtl m_543913e8-2829-9c59-a8cb-fdccff5e97de
f 68/196/49 71/195/49 69/194/49 66/193/49
f 67/200/50 68/199/50 66/198/50 65/197/50
f 72/204/51 67/203/51 65/202/51 70/201/51
f 71/208/52 72/207/52 70/206/52 69/205/52
f 70/212/53 65/211/53 66/210/53 69/209/53
f 71/216/54 68/215/54 67/214/54 72/213/54
o cube
v 0.12168628993400998 0.22499999999999998 0.2989181283645712
v 0.12168628993400998 0.22499999999999998 0.2989181283645712
v 0.12168628993400998 0.03749999999999998 0.2989181283645712
v 0.12168628993400998 0.03749999999999998 0.2989181283645712
v 0.13800206396151649 0.22499999999999998 0.17498752069284484
v 0.13800206396151649 0.22499999999999998 0.17498752069284484
v 0.13800206396151649 0.03749999999999998 0.17498752069284484
v 0.13800206396151649 0.03749999999999998 0.17498752069284484
vt 0.15625 0.84375
vt 0.1875 0.84375
vt 0.1875 0.796875
vt 0.15625 0.796875
vt 0.15625 0.84375
vt 0.15625 0.84375
vt 0.15625 0.796875
vt 0.15625 0.796875
vt 0.1875 0.84375
vt 0.21875 0.84375
vt 0.21875 0.796875
vt 0.1875 0.796875
vt 0.1875 0.84375
vt 0.1875 0.84375
vt 0.1875 0.796875
vt 0.1875 0.796875
vt 0.1875 0.84375
vt 0.15625 0.84375
vt 0.15625 0.84375
vt 0.1875 0.84375
vt 0.21875 0.84375
vt 0.1875 0.84375
vt 0.1875 0.84375
vt 0.21875 0.84375
vn 0.9914448613738105 0 0.1305261922200517
vn -0.1305261922200517 0 0.9914448613738105
vn -0.9914448613738105 0 -0.1305261922200517
vn 0.1305261922200517 0 -0.9914448613738105
vn 0 1 0
vn 0 -1 0
usemtl m_543913e8-2829-9c59-a8cb-fdccff5e97de
f 76/220/55 79/219/55 77/218/55 74/217/55
f 75/224/56 76/223/56 74/222/56 73/221/56
f 80/228/57 75/227/57 73/226/57 78/225/57
f 79/232/58 80/231/58 78/230/58 77/229/58
f 78/236/59 73/235/59 74/234/59 77/233/59
f 79/240/60 76/239/60 75/238/60 80/237/60
o cube
v 0.0029765103703796036 0.22499999999999998 0.3511516814924167
v 0.0029765103703796036 0.22499999999999998 0.3511516814924167
v 0.0029765103703796036 0.03749999999999998 0.3511516814924167
v 0.0029765103703796036 0.03749999999999998 0.3511516814924167
v 0.019292284397885995 0.22499999999999998 0.22722107382069046
v 0.019292284397885995 0.22499999999999998 0.22722107382069046
v 0.019292284397885995 0.03749999999999998 0.22722107382069046
v 0.019292284397885995 0.03749999999999998 0.22722107382069046
vt 0.09375 0.859375
vt 0.125 0.859375
vt 0.125 0.8125
vt 0.09375 0.8125
vt 0.09375 0.859375
vt 0.09375 0.859375
vt 0.09375 0.8125
vt 0.09375 0.8125
vt 0.125 0.859375
vt 0.15625 0.859375
vt 0.15625 0.8125
vt 0.125 0.8125
vt 0.125 0.859375
vt 0.125 0.859375
vt 0.125 0.8125
vt 0.125 0.8125
vt 0.125 0.859375
vt 0.09375 0.859375
vt 0.09375 0.859375
vt 0.125 0.859375
vt 0.15625 0.859375
vt 0.125 0.859375
vt 0.125 0.859375
vt 0.15625 0.859375
vn 0.9914448613738105 0 0.1305261922200517
vn -0.1305261922200517 0 0.9914448613738105
vn -0.9914448613738105 0 -0.1305261922200517
vn 0.1305261922200517 0 -0.9914448613738105
vn 0 1 0
vn 0 -1 0
usemtl m_543913e8-2829-9c59-a8cb-fdccff5e97de
f 84/244/61 87/243/61 85/242/61 82/241/61
f 83/248/62 84/247/62 82/246/62 81/245/62
f 88/252/63 83/251/63 81/250/63 86/249/63
f 87/256/64 88/255/64 86/254/64 85/253/64
f 86/260/65 81/259/65 82/258/65 85/257/65
f 87/264/66 84/263/66 83/262/66 88/261/66
o cube
v 0.1272423239849787 0.16249999999999998 0.3541340896989469
v -0.099224340479727 0.16249999999999998 -0.49105100830398796
v 0.1272423239849787 0.09999999999999998 0.3541340896989469
v -0.099224340479727 0.09999999999999998 -0.49105100830398796
v -0.1595947046227938 0.16249999999999998 -0.47487481798508036
v 0.06687195984191185 0.16249999999999998 0.3703102800178544
v -0.1595947046227938 0.09999999999999998 -0.47487481798508036
v 0.06687195984191185 0.09999999999999998 0.3703102800178544
vt 0.21875 0.625
vt 0.234375 0.625
vt 0.234375 0.609375
vt 0.21875 0.609375
vt 0 0.625
vt 0.21875 0.625
vt 0.21875 0.609375
vt 0 0.609375
vt 0.453125 0.625
vt 0.46875 0.625
vt 0.46875 0.609375
vt 0.453125 0.609375
vt 0.234375 0.625
vt 0.453125 0.625
vt 0.453125 0.609375
vt 0.234375 0.609375
vt 0.234375 0.625
vt 0.21875 0.625
vt 0.21875 0.84375
vt 0.234375 0.84375
vt 0.25 0.84375
vt 0.234375 0.84375
vt 0.234375 0.625
vt 0.25 0.625
vn -0.25881904510252074 0 -0.9659258262890683
vn 0.9659258262890683 0 -0.25881904510252074
vn 0.25881904510252074 0 0.9659258262890683
vn -0.9659258262890683 0 0.25881904510252074
vn 0 1 0
vn 0 -1 0
usemtl m_543913e8-2829-9c59-a8cb-fdccff5e97de
f 92/268/67 95/267/67 93/266/67 90/265/67
f 91/272/68 92/271/68 90/270/68 89/269/68
f 96/276/69 91/275/69 89/274/69 94/273/69
f 95/280/70 96/279/70 94/278/70 93/277/70
f 94/284/71 89/283/71 90/282/71 93/281/71
f 95/288/72 92/287/72 91/286/72 96/285/72