# Made in Blockbench 4.6.4
mtllib potato_tornado.mtl

o cube
v 0.21636527099256453 0.006249999999999978 0.39536194747131914
v 0.28173207805330813 0.006249999999999978 -0.3517840760974901
v 0.21636527099256453 0.006249999999999978 0.39536194747131914
v 0.28173207805330813 0.006249999999999978 -0.3517840760974901
v -0.21636527099256458 0.006249999999999978 -0.39536194747131914
v -0.2817320780533082 0.006249999999999978 0.3517840760974901
v -0.21636527099256458 0.006249999999999978 -0.39536194747131914
v -0.2817320780533082 0.006249999999999978 0.3517840760974901
vt 0.1875 0.8125
vt 0.3125 0.8125
vt 0.3125 0.8125
vt 0.1875 0.8125
vt 0 0.8125
vt 0.1875 0.8125
vt 0.1875 0.8125
vt 0 0.8125
vt 0.5 0.8125
vt 0.625 0.8125
vt 0.625 0.8125
vt 0.5 0.8125
vt 0.3125 0.8125
vt 0.5 0.8125
vt 0.5 0.8125
vt 0.3125 0.8125
vt 0.3125 0.8125
vt 0.1875 0.8125
vt 0.1875 1
vt 0.3125 1
vt 0.4375 1
vt 0.3125 1
vt 0.3125 0.8125
vt 0.4375 0.8125
vn 0.08715574274765818 0 -0.9961946980917455
vn 0.9961946980917455 0 0.08715574274765818
vn -0.08715574274765818 0 0.9961946980917455
vn -0.9961946980917455 0 -0.08715574274765818
vn 0 1 0
vn 0 -1 0
usemtl m_98c25661-3fab-8824-ce15-8c12b68a6ff5
f 4/4/1 7/3/1 5/2/1 2/1/1
f 3/8/2 4/7/2 2/6/2 1/5/2
f 8/12/3 3/11/3 1/10/3 6/9/3
f 7/16/4 8/15/4 6/14/4 5/13/4
f 6/20/5 1/19/5 2/18/5 5/17/5
f 7/24/6 4/23/6 3/22/6 8/21/6
o cube
v -0.025883848235151163 0.06874999999999998 -0.21265995937229348
v -0.05713384823515122 0.06874999999999998 -0.266786547108821
v -0.025883848235151163 0.006249999999999978 -0.21265995937229348
v -0.05713384823515122 0.006249999999999978 -0.266786547108821
v -0.16538702370820602 0.06874999999999998 -0.204286547108821
v -0.13413702370820602 0.06874999999999998 -0.15015995937229354
v -0.16538702370820602 0.006249999999999978 -0.204286547108821
v -0.13413702370820602 0.006249999999999978 -0.15015995937229354
vt 0.265625 0.796875
vt 0.296875 0.796875
vt 0.296875 0.78125
vt 0.265625 0.78125
vt 0.25 0.796875
vt 0.265625 0.796875
vt 0.265625 0.78125
vt 0.25 0.78125
vt 0.3125 0.796875
vt 0.34375 0.796875
vt 0.34375 0.78125
vt 0.3125 0.78125
vt 0.296875 0.796875
vt 0.3125 0.796875
vt 0.3125 0.78125
vt 0.296875 0.78125
vt 0.296875 0.796875
vt 0.265625 0.796875
vt 0.265625 0.8125
vt 0.296875 0.8125
vt 0.328125 0.8125
vt 0.296875 0.8125
vt 0.296875 0.796875
vt 0.328125 0.796875
vn -0.4999999999999999 0 -0.8660254037844386
vn 0.8660254037844386 0 -0.4999999999999999
vn 0.4999999999999999 0 0.8660254037844386
vn -0.8660254037844386 0 0.4999999999999999
vn 0 1 0
vn 0 -1 0
usemtl m_98c25661-3fab-8824-ce15-8c12b68a6ff5
f 12/28/7 15/27/7 13/26/7 10/25/7
f 11/32/8 12/31/8 10/30/8 9/29/8
f 16/36/9 11/35/9 9/34/9 14/33/9
f 15/40/10 16/39/10 14/38/10 13/37/10
f 14/44/11 9/43/11 10/42/11 13/41/11
f 15/48/12 12/47/12 11/46/12 16/45/12
o cube
v -0.07522772598426752 0.17577802546385612 -0.12618213227680025
v -0.09357634294513184 0.18930550133498758 -0.18437651046043102
v -0.08743109732557752 -0.0072774758711314225 -0.1648862813942073
v -0.10577971428644184 0.006249999999999978 -0.22308065957783807
v -0.15318365236689602 0.18930550133498758 -0.16558239799141394
v -0.1348350354060317 0.17577802546385612 -0.10738801980778317
v -0.16538702370820602 0.006249999999999978 -0.204286547108821
v -0.1470384067473417 -0.0072774758711314225 -0.14609216892519022
vt 0.015625 0.734375
vt 0.03125 0.734375
vt 0.03125 0.6875
vt 0.015625 0.6875
vt 0 0.734375
vt 0.015625 0.734375
vt 0.015625 0.6875
vt 0 0.6875
vt 0.046875 0.734375
vt 0.0625 0.734375
vt 0.0625 0.6875
vt 0.046875 0.6875
vt 0.03125 0.734375
vt 0.046875 0.734375
vt 0.046875 0.6875
vt 0.03125 0.6875
vt 0.03125 0.734375
vt 0.015625 0.734375
vt 0.015625 0.75
vt 0.03125 0.75
vt 0.046875 0.75
vt 0.03125 0.75
vt 0.03125 0.734375
vt 0.046875 0.734375
vn -0.293577871373829 0.21643961393810288 -0.9311100509380921
vn 0.953716950748227 -6.93889390390723e-18 -0.3007057995042731
vn 0.293577871373829 -0.21643961393810288 0.9311100509380921
vn -0.953716950748227 6.93889390390723e-18 0.3007057995042731
vn 0.06508464715365345 0.9762960071199335 0.20642212862617096
vn -0.06508464715365345 -0.9762960071199335 -0.20642212862617096
usemtl m_98c25661-3fab-8824-ce15-8c12b68a6ff5
f 20/52/13 23/51/13 21/50/13 18/49/13
f 19/56/14 20/55/14 18/54/14 17/53/14
f 24/60/15 19/59/15 17/58/15 22/57/15
f 23/64/16 24/63/16 22/62/16 21/61/16
f 22/68/17 17/67/17 18/66/17 21/65/17
f 23/72/18 20/71/18 19/70/18 24/69/18
o cube
v 0.039044640212854476 0.18930550133498747 -0.11972419329745376
v 0.03359740629112584 0.18930550133498747 -0.18198636192818785
v 0.039044640212854476 0.12680550133498747 -0.11972419329745376
v 0.03359740629112584 0.12680550133498747 -0.18198636192818785
v -0.15318909960107652 0.18930550133498747 -0.16564466016300194
v -0.14774186567934788 0.18930550133498747 -0.10338249153226786
v -0.15318909960107652 0.12680550133498747 -0.16564466016300194
v -0.14774186567934788 0.12680550133498747 -0.10338249153226786
vt 0.015625 0.828125
vt 0.0625 0.828125
vt 0.0625 0.8125
vt 0.015625 0.8125
vt 0 0.828125
vt 0.015625 0.828125
vt 0.015625 0.8125
vt 0 0.8125
vt 0.078125 0.828125
vt 0.125 0.828125
vt 0.125 0.8125
vt 0.078125 0.8125
vt 0.0625 0.828125
vt 0.078125 0.828125
vt 0.078125 0.8125
vt 0.0625 0.8125
vt 0.0625 0.828125
vt 0.015625 0.828125
vt 0.015625 0.84375
vt 0.0625 0.84375
vt 0.109375 0.84375
vt 0.0625 0.84375
vt 0.0625 0.828125
vt 0.109375 0.828125
vn -0.08715574274765811 0 -0.9961946980917455
vn 0.9961946980917455 0 -0.08715574274765811
vn 0.08715574274765811 0 0.9961946980917455
vn -0.9961946980917455 0 0.08715574274765811
vn 0 1 0
vn 0 -1 0
usemtl m_98c25661-3fab-8824-ce15-8c12b68a6ff5
f 28/76/19 31/75/19 29/74/19 26/73/19
f 27/80/20 28/79/20 26/78/20 25/77/20
f 32/84/21 27/83/21 25/82/21 30/81/21
f 31/88/22 32/87/22 30/86/22 29/85/22
f 30/92/23 25/91/23 26/90/23 29/89/23
f 31/96/24 28/95/24 27/94/24 32/93/24
o cube
v 0.051933121868338206 0.2028194497296053 -0.1237879159539168
v 0.03358450490747389 0.18929197385847385 -0.18198229413754763
v 0.0641364932096482 0.019763948394617814 -0.08508376683650981
v 0.04578787624878389 0.006236472523486358 -0.14327814502014058
v -0.026022804514290288 0.18929197385847385 -0.16318818166853055
v -0.007674187553425971 0.2028194497296053 -0.10499380348489978
v -0.013819433172980289 0.006236472523486358 -0.1244840325511235
v 0.004529183787884028 0.019763948394617814 -0.06628965436749273
vt 0.140625 0.78125
vt 0.15625 0.78125
vt 0.15625 0.734375
vt 0.140625 0.734375
vt 0.125 0.78125
vt 0.140625 0.78125
vt 0.140625 0.734375
vt 0.125 0.734375
vt 0.171875 0.78125
vt 0.1875 0.78125
vt 0.1875 0.734375
vt 0.171875 0.734375
vt 0.15625 0.78125
vt 0.171875 0.78125
vt 0.171875 0.734375
vt 0.15625 0.734375
vt 0.15625 0.78125
vt 0.140625 0.78125
vt 0.140625 0.796875
vt 0.15625 0.796875
vt 0.171875 0.796875
vt 0.15625 0.796875
vt 0.15625 0.78125
vt 0.171875 0.78125
vn -0.293577871373829 -0.21643961393810288 -0.9311100509380921
vn 0.953716950748227 6.93889390390723e-18 -0.3007057995042731
vn 0.293577871373829 0.21643961393810288 0.9311100509380921
vn -0.953716950748227 -6.93889390390723e-18 0.3007057995042731
vn -0.06508464715365345 0.9762960071199335 -0.20642212862617096
vn 0.06508464715365345 -0.9762960071199335 0.20642212862617096
usemtl m_98c25661-3fab-8824-ce15-8c12b68a6ff5
f 36/100/25 39/99/25 37/98/25 34/97/25
f 35/104/26 36/103/26 34/102/26 33/101/26
f 40/108/27 35/107/27 33/106/27 38/105/27
f 39/112/28 40/111/28 38/110/28 37/109/28
f 38/116/29 33/115/29 34/114/29 37/113/29
f 39/120/30 36/119/30 35/118/30 40/117/30
o cube
v 0.10072825861574586 0.20280592225309158 0.030970486134763497
v 0.08237964165488154 0.18927844638196023 -0.027223892048867215
v 0.11293162995705586 0.019750420918104084 0.06967463525217055
v 0.09458301299619154 0.006222945046972739 0.011480257068539834
v 0.022772332233117365 0.18927844638196023 -0.008429779579850138
v 0.04112094919398168 0.20280592225309158 0.049764598603780574
v 0.034975703574427364 0.006222945046972739 0.03027436953755691
v 0.05332432053529168 0.019750420918104084 0.08846874772118762
vt 0.078125 0.796875
vt 0.09375 0.796875
vt 0.09375 0.75
vt 0.078125 0.75
vt 0.0625 0.796875
vt 0.078125 0.796875
vt 0.078125 0.75
vt 0.0625 0.75
vt 0.109375 0.796875
vt 0.125 0.796875
vt 0.125 0.75
vt 0.109375 0.75
vt 0.09375 0.796875
vt 0.109375 0.796875
vt 0.109375 0.75
vt 0.09375 0.75
vt 0.09375 0.796875
vt 0.078125 0.796875
vt 0.078125 0.8125
vt 0.09375 0.8125
vt 0.109375 0.8125
vt 0.09375 0.8125
vt 0.09375 0.796875
vt 0.109375 0.796875
vn -0.293577871373829 -0.21643961393810288 -0.9311100509380921
vn 0.953716950748227 6.93889390390723e-18 -0.3007057995042731
vn 0.293577871373829 0.21643961393810288 0.9311100509380921
vn -0.953716950748227 -6.93889390390723e-18 0.3007057995042731
vn -0.06508464715365345 0.9762960071199335 -0.20642212862617096
vn 0.06508464715365345 -0.9762960071199335 0.20642212862617096
usemtl m_98c25661-3fab-8824-ce15-8c12b68a6ff5
f 44/124/31 47/123/31 45/122/31 42/121/31
f 43/128/32 44/127/32 42/126/32 41/125/32
f 48/132/33 43/131/33 41/130/33 46/129/33
f 47/136/34 48/135/34 46/134/34 45/133/34
f 46/140/35 41/139/35 42/138/35 45/137/35
f 47/144/36 44/143/36 43/142/36 48/141/36
o cube
v -0.02643258923685987 0.1757644979873424 0.028576269811880106
v -0.04478120619772413 0.18929197385847385 -0.029618108371750607
v -0.03863596057816987 -0.0072910033476450975 -0.010127879305526888
v -0.05698457753903419 0.006236472523486358 -0.06832225748915766
v -0.10438851561948836 0.18929197385847385 -0.01082399590273353
v -0.08603989865862405 0.1757644979873424 0.04737038228089718
v -0.11659188696079836 0.006236472523486358 -0.04952814502014058
v -0.09824326999993405 -0.0072910033476450975 0.008666233163490134
vt 0.015625 0.796875
vt 0.03125 0.796875
vt 0.03125 0.75
vt 0.015625 0.75
vt 0 0.796875
vt 0.015625 0.796875
vt 0.015625 0.75
vt 0 0.75
vt 0.046875 0.796875
vt 0.0625 0.796875
vt 0.0625 0.75
vt 0.046875 0.75
vt 0.03125 0.796875
vt 0.046875 0.796875
vt 0.046875 0.75
vt 0.03125 0.75
vt 0.03125 0.796875
vt 0.015625 0.796875
vt 0.015625 0.8125
vt 0.03125 0.8125
vt 0.046875 0.8125
vt 0.03125 0.8125
vt 0.03125 0.796875
vt 0.046875 0.796875
vn -0.293577871373829 0.21643961393810288 -0.9311100509380921
vn 0.953716950748227 -6.93889390390723e-18 -0.3007057995042731
vn 0.293577871373829 -0.21643961393810288 0.9311100509380921
vn -0.953716950748227 6.93889390390723e-18 0.3007057995042731
vn 0.06508464715365345 0.9762960071199335 0.20642212862617096
vn -0.06508464715365345 -0.9762960071199335 -0.20642212862617096
usemtl m_98c25661-3fab-8824-ce15-8c12b68a6ff5
f 52/148/37 55/147/37 53/146/37 50/145/37
f 51/152/38 52/151/38 50/150/38 49/149/38
f 56/156/39 51/155/39 49/154/39 54/153/39
f 55/160/40 56/159/40 54/158/40 53/157/40
f 54/164/41 49/163/41 50/162/41 53/161/41
f 55/168/42 52/167/42 51/166/42 56/165/42
o cube
v 0.08783977696026213 0.18929197385847385 0.03503420879122665
v 0.0823925430385335 0.18929197385847385 -0.027227959839507487
v 0.08783977696026213 0.12679197385847385 0.03503420879122665
v 0.0823925430385335 0.12679197385847385 -0.027227959839507487
v -0.10439396285366881 0.18929197385847385 -0.010886258074321586
v -0.09894672893194018 0.18929197385847385 0.05137591055641244
v -0.10439396285366881 0.12679197385847385 -0.010886258074321586
v -0.09894672893194018 0.12679197385847385 0.05137591055641244
vt 0.015625 0.859375
vt 0.0625 0.859375
vt 0.0625 0.84375
vt 0.015625 0.84375
vt 0 0.859375
vt 0.015625 0.859375
vt 0.015625 0.84375
vt 0 0.84375
vt 0.078125 0.859375
vt 0.125 0.859375
vt 0.125 0.84375
vt 0.078125 0.84375
vt 0.0625 0.859375
vt 0.078125 0.859375
vt 0.078125 0.84375
vt 0.0625 0.84375
vt 0.0625 0.859375
vt 0.015625 0.859375
vt 0.015625 0.875
vt 0.0625 0.875
vt 0.109375 0.875
vt 0.0625 0.875
vt 0.0625 0.859375
vt 0.109375 0.859375
vn -0.08715574274765811 0 -0.9961946980917455
vn 0.9961946980917455 0 -0.08715574274765811
vn 0.08715574274765811 0 0.9961946980917455
vn -0.9961946980917455 0 0.08715574274765811
vn 0 1 0
vn 0 -1 0
usemtl m_98c25661-3fab-8824-ce15-8c12b68a6ff5
f 60/172/43 63/171/43 61/170/43 58/169/43
f 59/176/44 60/175/44 58/174/44 57/173/44
f 64/180/45 59/179/45 57/178/45 62/177/45
f 63/184/46 64/183/46 62/182/46 61/181/46
f 62/188/47 57/187/47 58/186/47 61/185/47
f 63/192/48 60/191/48 59/190/48 64/189/48
o cube
v 0.07703787624878389 0.06873647252348636 -0.08915155728361313
v 0.04578787624878389 0.06873647252348636 -0.14327814502014052
v 0.07703787624878389 0.006236472523486358 -0.08915155728361313
v 0.04578787624878389 0.006236472523486358 -0.14327814502014052
v -0.11659188696079831 0.06873647252348636 -0.04952814502014058
v -0.08534188696079836 0.06873647252348636 0.004598442716386875
v -0.11659188696079831 0.006236472523486358 -0.04952814502014058
v -0.08534188696079836 0.006236472523486358 0.004598442716386875
vt 0.015625 0.890625
vt 0.0625 0.890625
vt 0.0625 0.875
vt 0.015625 0.875
vt 0 0.890625
vt 0.015625 0.890625
vt 0.015625 0.875
vt 0 0.875
vt 0.078125 0.890625
vt 0.125 0.890625
vt 0.125 0.875
vt 0.078125 0.875
vt 0.0625 0.890625
vt 0.078125 0.890625
vt 0.078125 0.875
vt 0.0625 0.875
vt 0.0625 0.890625
vt 0.015625 0.890625
vt 0.015625 0.90625
vt 0.0625 0.90625
vt 0.109375 0.90625
vt 0.0625 0.90625
vt 0.0625 0.890625
vt 0.109375 0.890625
vn -0.4999999999999999 0 -0.8660254037844386
vn 0.8660254037844386 0 -0.4999999999999999
vn 0.4999999999999999 0 0.8660254037844386
vn -0.8660254037844386 0 0.4999999999999999
vn 0 1 0
vn 0 -1 0
usemtl m_98c25661-3fab-8824-ce15-8c12b68a6ff5
f 68/196/49 71/195/49 69/194/49 66/193/49
f 67/200/50 68/199/50 66/198/50 65/197/50
f 72/204/51 67/203/51 65/202/51 70/201/51
f 71/208/52 72/207/52 70/206/52 69/205/52
f 70/212/53 65/211/53 66/210/53 69/209/53
f 71/216/54 68/215/54 67/214/54 72/213/54
o cube
v 0.1495233953631535 0.20279239477657796 0.1857288882234439
v 0.1311747784022892 0.1892649189054465 0.1275345100398131
v 0.1617267667044635 0.019736893441590464 0.22443303734085096
v 0.1433781497435992 0.006209417570459008 0.16623865915722025
v 0.07156746898052502 0.1892649189054465 0.14632862250883016
v 0.08991608594138933 0.20279239477657796 0.204523000692461
v 0.08377084032183502 0.006209417570459008 0.1850327716262372
v 0.10211945728269933 0.019736893441590464 0.24322714980986793
vt 0.140625 0.921875
vt 0.15625 0.921875
vt 0.15625 0.875
vt 0.140625 0.875
vt 0.125 0.921875
vt 0.140625 0.921875
vt 0.140625 0.875
vt 0.125 0.875
vt 0.171875 0.921875
vt 0.1875 0.921875
vt 0.1875 0.875
vt 0.171875 0.875
vt 0.15625 0.921875
vt 0.171875 0.921875
vt 0.171875 0.875
vt 0.15625 0.875
vt 0.15625 0.921875
vt 0.140625 0.921875
vt 0.140625 0.9375
vt 0.15625 0.9375
vt 0.171875 0.9375
vt 0.15625 0.9375
vt 0.15625 0.921875
vt 0.171875 0.921875
vn -0.293577871373829 -0.21643961393810288 -0.9311100509380921
vn 0.953716950748227 6.93889390390723e-18 -0.3007057995042731
vn 0.293577871373829 0.21643961393810288 0.9311100509380921
vn -0.953716950748227 -6.93889390390723e-18 0.3007057995042731
vn -0.06508464715365345 0.9762960071199335 -0.20642212862617096
vn 0.06508464715365345 -0.9762960071199335 0.20642212862617096
usemtl m_98c25661-3fab-8824-ce15-8c12b68a6ff5
f 76/220/55 79/219/55 77/218/55 74/217/55
f 75/224/56 76/223/56 74/222/56 73/221/56
f 80/228/57 75/227/57 73/226/57 78/225/57
f 79/232/58 80/231/58 78/230/58 77/229/58
f 78/236/59 73/235/59 74/234/59 77/233/59
f 79/240/60 76/239/60 75/238/60 80/237/60
o cube
v 0.02236254751054778 0.17575097051082877 0.18333467190056052
v 0.004013930549683575 0.18927844638196023 0.1251402937169298
v 0.010159176169237782 -0.007304530824158717 0.14463052278315347
v -0.008189440791626479 0.006222945046972739 0.08643614459952276
v -0.05559337887208066 0.18927844638196023 0.14393440618594688
v -0.03724476191121634 0.17575097051082877 0.2021287843695776
v -0.06779675021339071 0.006222945046972739 0.10523025706853983
v -0.049448133252526394 -0.007304530824158717 0.16342463525217055
vt 0.140625 0.984375
vt 0.15625 0.984375
vt 0.15625 0.9375
vt 0.140625 0.9375
vt 0.125 0.984375
vt 0.140625 0.984375
vt 0.140625 0.9375
vt 0.125 0.9375
vt 0.171875 0.984375
vt 0.1875 0.984375
vt 0.1875 0.9375
vt 0.171875 0.9375
vt 0.15625 0.984375
vt 0.171875 0.984375
vt 0.171875 0.9375
vt 0.15625 0.9375
vt 0.15625 0.984375
vt 0.140625 0.984375
vt 0.140625 1
vt 0.15625 1
vt 0.171875 1
vt 0.15625 1
vt 0.15625 0.984375
vt 0.171875 0.984375
vn -0.293577871373829 0.21643961393810288 -0.9311100509380921
vn 0.953716950748227 -6.93889390390723e-18 -0.3007057995042731
vn 0.293577871373829 -0.21643961393810288 0.9311100509380921
vn -0.953716950748227 6.93889390390723e-18 0.3007057995042731
vn 0.06508464715365345 0.9762960071199335 0.20642212862617096
vn -0.06508464715365345 -0.9762960071199335 -0.20642212862617096
usemtl m_98c25661-3fab-8824-ce15-8c12b68a6ff5
f 84/244/61 87/243/61 85/242/61 82/241/61
f 83/248/62 84/247/62 82/246/62 81/245/62
f 88/252/63 83/251/63 81/250/63 86/249/63
f 87/256/64 88/255/64 86/254/64 85/253/64
f 86/260/65 81/259/65 82/258/65 85/257/65
f 87/264/66 84/263/66 83/262/66 88/261/66
o cube
v 0.13663491370766978 0.18927844638196023 0.18979261087990695
v 0.13118767978594115 0.18927844638196023 0.12753044224917287
v 0.13663491370766978 0.12677844638196023 0.18979261087990695
v 0.13118767978594115 0.12677844638196023 0.12753044224917287
v -0.05559882610626116 0.18927844638196023 0.14387214401435877
v -0.05015159218453252 0.18927844638196023 0.20613431264509285
v -0.05559882610626116 0.12677844638196023 0.14387214401435877
v -0.05015159218453252 0.12677844638196023 0.20613431264509285
vt 0.015625 0.921875
vt 0.0625 0.921875
vt 0.0625 0.90625
vt 0.015625 0.90625
vt 0 0.921875
vt 0.015625 0.921875
vt 0.015625 0.90625
vt 0 0.90625
vt 0.078125 0.921875
vt 0.125 0.921875
vt 0.125 0.90625
vt 0.078125 0.90625
vt 0.0625 0.921875
vt 0.078125 0.921875
vt 0.078125 0.90625
vt 0.0625 0.90625
vt 0.0625 0.921875
vt 0.015625 0.921875
vt 0.015625 0.9375
vt 0.0625 0.9375
vt 0.109375 0.9375
vt 0.0625 0.9375
vt 0.0625 0.921875
vt 0.109375 0.921875
vn -0.08715574274765811 0 -0.9961946980917455
vn 0.9961946980917455 0 -0.08715574274765811
vn 0.08715574274765811 0 0.9961946980917455
vn -0.9961946980917455 0 0.08715574274765811
vn 0 1 0
vn 0 -1 0
usemtl m_98c25661-3fab-8824-ce15-8c12b68a6ff5
f 92/268/67 95/267/67 93/266/67 90/265/67
f 91/272/68 92/271/68 90/270/68 89/269/68
f 96/276/69 91/275/69 89/274/69 94/273/69
f 95/280/70 96/279/70 94/278/70 93/277/70
f 94/284/71 89/283/71 90/282/71 93/281/71
f 95/288/72 92/287/72 91/286/72 96/285/72
o cube
v 0.12583301299619154 0.06872294504697274 0.06560684480506729
v 0.09458301299619154 0.06872294504697274 0.011480257068539834
v 0.12583301299619154 0.006222945046972739 0.06560684480506729
v 0.09458301299619154 0.006222945046972739 0.011480257068539834
v -0.06779675021339066 0.06872294504697274 0.10523025706853983
v -0.036546750213390655 0.06872294504697274 0.1593568448050673
v -0.06779675021339066 0.006222945046972739 0.10523025706853983
v -0.036546750213390655 0.006222945046972739 0.1593568448050673
vt 0.015625 0.953125
vt 0.0625 0.953125
vt 0.0625 0.9375
vt 0.015625 0.9375
vt 0 0.953125
vt 0.015625 0.953125
vt 0.015625 0.9375
vt 0 0.9375
vt 0.078125 0.953125
vt 0.125 0.953125
vt 0.125 0.9375
vt 0.078125 0.9375
vt 0.0625 0.953125
vt 0.078125 0.953125
vt 0.078125 0.9375
vt 0.0625 0.9375
vt 0.0625 0.953125
vt 0.015625 0.953125
vt 0.015625 0.96875
vt 0.0625 0.96875
vt 0.109375 0.96875
vt 0.0625 0.96875
vt 0.0625 0.953125
vt 0.109375 0.953125
vn -0.4999999999999999 0 -0.8660254037844386
vn 0.8660254037844386 0 -0.4999999999999999
vn 0.4999999999999999 0 0.8660254037844386
vn -0.8660254037844386 0 0.4999999999999999
vn 0 1 0
vn 0 -1 0
usemtl m_98c25661-3fab-8824-ce15-8c12b68a6ff5
f 100/292/73 103/291/73 101/290/73 98/289/73
f 99/296/74 100/295/74 98/294/74 97/293/74
f 104/300/75 99/299/75 97/298/75 102/297/75
f 103/304/76 104/303/76 102/302/76 101/301/76
f 102/308/77 97/307/77 98/306/77 101/305/77
f 103/312/78 100/311/78 99/310/78 104/309/78
o cube
v 0.1864675475904476 0.15701499196631752 0.3548618557087303
v 0.16811893062958327 0.14348751609518606 0.2966674775250995
v 0.19460312848465433 0.03497799107632582 0.38066462178700167
v 0.17625451152379001 0.021450515205194365 0.32247024360337084
v 0.1085116212078191 0.14348751609518606 0.31546158999411666
v 0.12686023816868341 0.15701499196631752 0.3736559681777474
v 0.11664720210202584 0.021450515205194365 0.34126435607238803
v 0.13499581906289015 0.03497799107632582 0.39945873425601874
vt 0.078125 0.734375
vt 0.09375 0.734375
vt 0.09375 0.703125
vt 0.078125 0.703125
vt 0.0625 0.734375
vt 0.078125 0.734375
vt 0.078125 0.703125
vt 0.0625 0.703125
vt 0.109375 0.734375
vt 0.125 0.734375
vt 0.125 0.703125
vt 0.109375 0.703125
vt 0.09375 0.734375
vt 0.109375 0.734375
vt 0.109375 0.703125
vt 0.09375 0.703125
vt 0.09375 0.734375
vt 0.078125 0.734375
vt 0.078125 0.75
vt 0.09375 0.75
vt 0.109375 0.75
vt 0.09375 0.75
vt 0.09375 0.734375
vt 0.109375 0.734375
vn -0.293577871373829 -0.21643961393810288 -0.9311100509380921
vn 0.953716950748227 6.93889390390723e-18 -0.3007057995042731
vn 0.293577871373829 0.21643961393810288 0.9311100509380921
vn -0.953716950748227 -6.93889390390723e-18 0.3007057995042731
vn -0.06508464715365345 0.9762960071199335 -0.20642212862617096
vn 0.06508464715365345 -0.9762960071199335 0.20642212862617096
usemtl m_98c25661-3fab-8824-ce15-8c12b68a6ff5
f 108/316/79 111/315/79 109/314/79 106/313/79
f 107/320/80 108/319/80 106/318/80 105/317/80
f 112/324/81 107/323/81 105/322/81 110/321/81
f 111/328/82 112/327/82 110/326/82 109/325/82
f 110/332/83 105/331/83 106/330/83 109/329/83
f 111/336/84 108/335/84 107/334/84 112/333/84
o cube
v 0.06912378903440386 0.1452281928118172 0.33164238246967304
v 0.05077517207353954 0.15875566868294866 0.2734480042860423
v 0.06098820814019712 0.023191191921825505 0.30583961639140167
v 0.0426395911793328 0.03671866779295696 0.24764523820777096
v -0.008832137348224633 0.15875566868294866 0.2922421167550594
v 0.009516479612639683 0.1452281928118172 0.3504364949386901
v -0.016967718242431318 0.03671866779295696 0.26643935067678803
v 0.0013808987184329435 0.023191191921825505 0.32463372886041875
vt 0.140625 0.859375
vt 0.15625 0.859375
vt 0.15625 0.828125
vt 0.140625 0.828125
vt 0.125 0.859375
vt 0.140625 0.859375
vt 0.140625 0.828125
vt 0.125 0.828125
vt 0.171875 0.859375
vt 0.1875 0.859375
vt 0.1875 0.828125
vt 0.171875 0.828125
vt 0.15625 0.859375
vt 0.171875 0.859375
vt 0.171875 0.828125
vt 0.15625 0.828125
vt 0.15625 0.859375
vt 0.140625 0.859375
vt 0.140625 0.875
vt 0.15625 0.875
vt 0.171875 0.875
vt 0.15625 0.875
vt 0.15625 0.859375
vt 0.171875 0.859375
vn -0.293577871373829 0.21643961393810288 -0.9311100509380921
vn 0.953716950748227 -6.93889390390723e-18 -0.3007057995042731
vn 0.293577871373829 -0.21643961393810288 0.9311100509380921
vn -0.953716950748227 6.93889390390723e-18 0.3007057995042731
vn 0.06508464715365345 0.9762960071199335 0.20642212862617096
vn -0.06508464715365345 -0.9762960071199335 -0.20642212862617096
usemtl m_98c25661-3fab-8824-ce15-8c12b68a6ff5
f 116/340/85 119/339/85 117/338/85 114/337/85
f 115/344/86 116/343/86 114/342/86 113/341/86
f 120/348/87 115/347/87 113/346/87 118/345/87
f 119/352/88 120/351/88 118/350/88 117/349/88
f 118/356/89 113/355/89 114/354/89 117/353/89
f 119/360/90 116/359/90 115/358/90 120/357/90
o cube
v 0.1542989661397104 0.1736399189054465 0.3472746299294517
v 0.14885173221798176 0.1736399189054465 0.2850124612987175
v 0.1542989661397104 0.1111399189054465 0.3472746299294517
v 0.14885173221798176 0.1111399189054465 0.2850124612987175
v 0.024327394956513593 0.1736399189054465 0.29590692914217476
v 0.029774628878242226 0.1736399189054465 0.35816909777290895
v 0.024327394956513593 0.1111399189054465 0.29590692914217476
v 0.029774628878242226 0.1111399189054465 0.35816909777290895
vt 0.125 0.8125
vt 0.15625 0.8125
vt 0.15625 0.796875
vt 0.125 0.796875
vt 0.109375 0.8125
vt 0.125 0.8125
vt 0.125 0.796875
vt 0.109375 0.796875
vt 0.171875 0.8125
vt 0.203125 0.8125
vt 0.203125 0.796875
vt 0.171875 0.796875
vt 0.15625 0.8125
vt 0.171875 0.8125
vt 0.171875 0.796875
vt 0.15625 0.796875
vt 0.15625 0.8125
vt 0.125 0.8125
vt 0.125 0.828125
vt 0.15625 0.828125
vt 0.1875 0.828125
vt 0.15625 0.828125
vt 0.15625 0.8125
vt 0.1875 0.8125
vn -0.08715574274765811 0 -0.9961946980917455
vn 0.9961946980917455 0 -0.08715574274765811
vn 0.08715574274765811 0 0.9961946980917455
vn -0.9961946980917455 0 0.08715574274765811
vn 0 1 0
vn 0 -1 0
usemtl m_98c25661-3fab-8824-ce15-8c12b68a6ff5
f 124/364/91 127/363/91 125/362/91 122/361/91
f 123/368/92 124/367/92 122/366/92 121/365/92
f 128/372/93 123/371/93 121/370/93 126/369/93
f 127/376/94 128/375/94 126/374/94 125/373/94
f 126/380/95 121/379/95 122/378/95 125/377/95
f 127/384/96 124/383/96 123/382/96 128/381/96
o cube
v 0.1746281497435992 0.06870941757045901 0.2203652468937476
v 0.1433781497435993 0.06870941757045901 0.16623865915722025
v 0.1746281497435992 0.006209417570459008 0.2203652468937476
v 0.1433781497435993 0.006209417570459008 0.16623865915722025
v -0.019001613465982947 0.06870941757045901 0.25998865915722025
v 0.012248386534016942 0.06870941757045901 0.3141152468937476
v -0.019001613465982947 0.006209417570459008 0.25998865915722025
v 0.012248386534016942 0.006209417570459008 0.3141152468937476
vt 0.015625 0.984375
vt 0.0625 0.984375
vt 0.0625 0.96875
vt 0.015625 0.96875
vt 0 0.984375
vt 0.015625 0.984375
vt 0.015625 0.96875
vt 0 0.96875
vt 0.078125 0.984375
vt 0.125 0.984375
vt 0.125 0.96875
vt 0.078125 0.96875
vt 0.0625 0.984375
vt 0.078125 0.984375
vt 0.078125 0.96875
vt 0.0625 0.96875
vt 0.0625 0.984375
vt 0.015625 0.984375
vt 0.015625 1
vt 0.0625 1
vt 0.109375 1
vt 0.0625 1
vt 0.0625 0.984375
vt 0.109375 0.984375
vn -0.4999999999999999 0 -0.8660254037844386
vn 0.8660254037844386 0 -0.4999999999999999
vn 0.4999999999999999 0 0.8660254037844386
vn -0.8660254037844386 0 0.4999999999999999
vn 0 1 0
vn 0 -1 0
usemtl m_98c25661-3fab-8824-ce15-8c12b68a6ff5
f 132/388/97 135/387/97 133/386/97 130/385/97
f 131/392/98 132/391/98 130/390/98 129/389/98
f 136/396/99 131/395/99 129/394/99 134/393/99
f 135/400/100 136/399/100 134/398/100 133/397/100
f 134/404/101 129/403/101 130/402/101 133/401/101
f 135/408/102 132/407/102 131/406/102 136/405/102
o cube
v 0.15704027788390917 0.12968749999999996 0.4100236276515177
v -0.10607729668232974 0.12968749999999996 -0.42447870425318096
v 0.15704027788390917 0.06718749999999996 0.4100236276515177
v -0.10607729668232974 0.06718749999999996 -0.42447870425318096
v -0.1656846061040939 0.12968749999999996 -0.4056845917841639
v 0.097432968462145 0.12968749999999996 0.42881774012053464
v -0.1656846061040939 0.06718749999999996 -0.4056845917841639
v 0.097432968462145 0.06718749999999996 0.42881774012053464
vt 0.21875 0.59375
vt 0.234375 0.59375
vt 0.234375 0.578125
vt 0.21875 0.578125
vt 0 0.59375
vt 0.21875 0.59375
vt 0.21875 0.578125
vt 0 0.578125
vt 0.453125 0.59375
vt 0.46875 0.59375
vt 0.46875 0.578125
vt 0.453125 0.578125
vt 0.234375 0.59375
vt 0.453125 0.59375
vt 0.453125 0.578125
vt 0.234375 0.578125
vt 0.234375 0.59375
vt 0.21875 0.59375
vt 0.21875 0.8125
vt 0.234375 0.8125
vt 0.25 0.8125
vt 0.234375 0.8125
vt 0.234375 0.59375
vt 0.25 0.59375
vn -0.30070579950427306 0 -0.9537169507482269
vn 0.9537169507482269 0 -0.30070579950427306
vn 0.30070579950427306 0 0.9537169507482269
vn -0.9537169507482269 0 0.30070579950427306
vn 0 1 0
vn 0 -1 0
usemtl m_98c25661-3fab-8824-ce15-8c12b68a6ff5
f 140/412/103 143/411/103 141/410/103 138/409/103
f 139/416/104 140/415/104 138/414/104 137/413/104
f 144/420/105 139/419/105 137/418/105 142/417/105
f 143/424/106 144/423/106 142/422/106 141/421/106
f 142/428/107 137/427/107 138/426/107 141/425/107
f 143/432/108 140/431/108 139/430/108 144/429/108