# Made in Blockbench 4.6.4
mtllib asparagus.mtl

o c
v 0 0.0625 0.25
v 0 0.0625 -0.3125
v 0 0 0.25
v 0 0 -0.3125
v -0.0625 0.0625 -0.3125
v -0.0625 0.0625 0.25
v -0.0625 0 -0.3125
v -0.0625 0 0.25
vt 0.359375 0.8125
vt 0.375 0.8125
vt 0.375 0.796875
vt 0.359375 0.796875
vt 0.21875 0.8125
vt 0.359375 0.8125
vt 0.359375 0.796875
vt 0.21875 0.796875
vt 0.515625 0.8125
vt 0.53125 0.8125
vt 0.53125 0.796875
vt 0.515625 0.796875
vt 0.375 0.8125
vt 0.515625 0.8125
vt 0.515625 0.796875
vt 0.375 0.796875
vt 0.375 0.8125
vt 0.359375 0.8125
vt 0.359375 0.953125
vt 0.375 0.953125
vt 0.390625 0.953125
vt 0.375 0.953125
vt 0.375 0.8125
vt 0.390625 0.8125
vn 0 0 -1
vn 1 0 0
vn 0 0 1
vn -1 0 0
vn 0 1 0
vn 0 -1 0
usemtl m_014fbd95-dd00-9ddd-6ee9-3a263f44cd01
f 4/4/1 7/3/1 5/2/1 2/1/1
f 3/8/2 4/7/2 2/6/2 1/5/2
f 8/12/3 3/11/3 1/10/3 6/9/3
f 7/16/4 8/15/4 6/14/4 5/13/4
f 6/20/5 1/19/5 2/18/5 5/17/5
f 7/24/6 4/23/6 3/22/6 8/21/6
o l
v -0.03125 0.09375 0.3125
v -0.03125 0.09375 0
v -0.03125 -0.03125 0.3125
v -0.03125 -0.03125 0
v -0.03125 0.09375 0
v -0.03125 0.09375 0.3125
v -0.03125 -0.03125 0
v -0.03125 -0.03125 0.3125
vt 0.078125 0.546875
vt 0.078125 0.546875
vt 0.078125 0.515625
vt 0.078125 0.515625
vt 0 0.546875
vt 0.078125 0.546875
vt 0.078125 0.515625
vt 0 0.515625
vt 0.15625 0.546875
vt 0.15625 0.546875
vt 0.15625 0.515625
vt 0.15625 0.515625
vt 0.078125 0.546875
vt 0.15625 0.546875
vt 0.15625 0.515625
vt 0.078125 0.515625
vt 0.078125 0.546875
vt 0.078125 0.546875
vt 0.078125 0.625
vt 0.078125 0.625
vt 0.078125 0.625
vt 0.078125 0.625
vt 0.078125 0.546875
vt 0.078125 0.546875
vn 0 0 -1
vn 1 0 0
vn 0 0 1
vn -1 0 0
vn 0 1 0
vn 0 -1 0
usemtl m_014fbd95-dd00-9ddd-6ee9-3a263f44cd01
f 12/28/7 15/27/7 13/26/7 10/25/7
f 11/32/8 12/31/8 10/30/8 9/29/8
f 16/36/9 11/35/9 9/34/9 14/33/9
f 15/40/10 16/39/10 14/38/10 13/37/10
f 14/44/11 9/43/11 10/42/11 13/41/11
f 15/48/12 12/47/12 11/46/12 16/45/12
o l
v 0.03125 0.03125 0.3125
v 0.03125 0.03125 0
v 0.03125 0.03125 0.3125
v 0.03125 0.03125 0
v -0.09375 0.03125 0
v -0.09375 0.03125 0.3125
v -0.09375 0.03125 0
v -0.09375 0.03125 0.3125
vt 0.28125 0.703125
vt 0.3125 0.703125
vt 0.3125 0.703125
vt 0.28125 0.703125
vt 0.203125 0.703125
vt 0.28125 0.703125
vt 0.28125 0.703125
vt 0.203125 0.703125
vt 0.390625 0.703125
vt 0.421875 0.703125
vt 0.421875 0.703125
vt 0.390625 0.703125
vt 0.3125 0.703125
vt 0.390625 0.703125
vt 0.390625 0.703125
vt 0.3125 0.703125
vt 0.3125 0.703125
vt 0.28125 0.703125
vt 0.28125 0.78125
vt 0.3125 0.78125
vt 0.34375 0.78125
vt 0.3125 0.78125
vt 0.3125 0.703125
vt 0.34375 0.703125
vn 0 0 -1
vn 1 0 0
vn 0 0 1
vn -1 0 0
vn 0 1 0
vn 0 -1 0
usemtl m_014fbd95-dd00-9ddd-6ee9-3a263f44cd01
f 20/52/13 23/51/13 21/50/13 18/49/13
f 19/56/14 20/55/14 18/54/14 17/53/14
f 24/60/15 19/59/15 17/58/15 22/57/15
f 23/64/16 24/63/16 22/62/16 21/61/16
f 22/68/17 17/67/17 18/66/17 21/65/17
f 23/72/18 20/71/18 19/70/18 24/69/18
o c
v -0.1582110518638205 0.0625 0.2959856001662753
v -0.07663218172628827 0.0625 -0.3236674381923561
v -0.1582110518638205 0 0.2959856001662753
v -0.07663218172628827 0 -0.3236674381923561
v -0.13859748556215146 0.0625 -0.33182532520610936
v -0.22017635569968363 0.0625 0.2878277131525222
v -0.13859748556215146 0 -0.33182532520610936
v -0.22017635569968363 0 0.2878277131525222
vt 0.15625 0.84375
vt 0.171875 0.84375
vt 0.171875 0.828125
vt 0.15625 0.828125
vt 0 0.84375
vt 0.15625 0.84375
vt 0.15625 0.828125
vt 0 0.828125
vt 0.328125 0.84375
vt 0.34375 0.84375
vt 0.34375 0.828125
vt 0.328125 0.828125
vt 0.171875 0.84375
vt 0.328125 0.84375
vt 0.328125 0.828125
vt 0.171875 0.828125
vt 0.171875 0.84375
vt 0.15625 0.84375
vt 0.15625 1
vt 0.171875 1
vt 0.1875 1
vt 0.171875 1
vt 0.171875 0.84375
vt 0.1875 0.84375
vn 0.13052619222005157 0 -0.9914448613738104
vn 0.9914448613738104 0 0.13052619222005157
vn -0.13052619222005157 0 0.9914448613738104
vn -0.9914448613738104 0 -0.13052619222005157
vn 0 1 0
vn 0 -1 0
usemtl m_014fbd95-dd00-9ddd-6ee9-3a263f44cd01
f 28/76/19 31/75/19 29/74/19 26/73/19
f 27/80/20 28/79/20 26/78/20 25/77/20
f 32/84/21 27/83/21 25/82/21 30/81/21
f 31/88/22 32/87/22 30/86/22 29/85/22
f 30/92/23 25/91/23 26/90/23 29/89/23
f 31/96/24 28/95/24 27/94/24 32/93/24
o l
v -0.1973515907955053 0.09375 0.3538719604952618
v -0.1647200427404924 0.09375 0.1060107451518093
v -0.1973515907955053 -0.03125 0.3538719604952618
v -0.1647200427404924 -0.03125 0.1060107451518093
v -0.1647200427404924 0.09375 0.1060107451518093
v -0.1973515907955053 0.09375 0.3538719604952618
v -0.1647200427404924 -0.03125 0.1060107451518093
v -0.1973515907955053 -0.03125 0.3538719604952618
vt 0.0625 0.9375
vt 0.0625 0.9375
vt 0.0625 0.90625
vt 0.0625 0.90625
vt 0 0.9375
vt 0.0625 0.9375
vt 0.0625 0.90625
vt 0 0.90625
vt 0.125 0.9375
vt 0.125 0.9375
vt 0.125 0.90625
vt 0.125 0.90625
vt 0.0625 0.9375
vt 0.125 0.9375
vt 0.125 0.90625
vt 0.0625 0.90625
vt 0.0625 0.9375
vt 0.0625 0.9375
vt 0.0625 1
vt 0.0625 1
vt 0.0625 1
vt 0.0625 1
vt 0.0625 0.9375
vt 0.0625 0.9375
vn 0.13052619222005157 0 -0.9914448613738104
vn 0.9914448613738104 0 0.13052619222005157
vn -0.13052619222005157 0 0.9914448613738104
vn -0.9914448613738104 0 -0.13052619222005157
vn 0 1 0
vn 0 -1 0
usemtl m_014fbd95-dd00-9ddd-6ee9-3a263f44cd01
f 36/100/25 39/99/25 37/98/25 34/97/25
f 35/104/26 36/103/26 34/102/26 33/101/26
f 40/108/27 35/107/27 33/106/27 38/105/27
f 39/112/28 40/111/28 38/110/28 37/109/28
f 38/116/29 33/115/29 34/114/29 37/113/29
f 39/120/30 36/119/30 35/118/30 40/117/30
o l
v -0.13538628695964217 0.03125 0.3620298475090151
v -0.10275473890462927 0.03125 0.1141686321655625
v -0.13538628695964217 0.03125 0.3620298475090151
v -0.10275473890462927 0.03125 0.1141686321655625
v -0.22668534657635553 0.03125 0.09785285813805611
v -0.2593168946313684 0.03125 0.3457140734815086
v -0.22668534657635553 0.03125 0.09785285813805611
v -0.2593168946313684 0.03125 0.3457140734815086
vt 0.421875 0.71875
vt 0.453125 0.71875
vt 0.453125 0.71875
vt 0.421875 0.71875
vt 0.359375 0.71875
vt 0.421875 0.71875
vt 0.421875 0.71875
vt 0.359375 0.71875
vt 0.515625 0.71875
vt 0.546875 0.71875
vt 0.546875 0.71875
vt 0.515625 0.71875
vt 0.453125 0.71875
vt 0.515625 0.71875
vt 0.515625 0.71875
vt 0.453125 0.71875
vt 0.453125 0.71875
vt 0.421875 0.71875
vt 0.421875 0.78125
vt 0.453125 0.78125
vt 0.484375 0.78125
vt 0.453125 0.78125
vt 0.453125 0.71875
vt 0.484375 0.71875
vn 0.13052619222005157 0 -0.9914448613738104
vn 0.9914448613738104 0 0.13052619222005157
vn -0.13052619222005157 0 0.9914448613738104
vn -0.9914448613738104 0 -0.13052619222005157
vn 0 1 0
vn 0 -1 0
usemtl m_014fbd95-dd00-9ddd-6ee9-3a263f44cd01
f 44/124/31 47/123/31 45/122/31 42/121/31
f 43/128/32 44/127/32 42/126/32 41/125/32
f 48/132/33 43/131/33 41/130/33 46/129/33
f 47/136/34 48/135/34 46/134/34 45/133/34
f 46/140/35 41/139/35 42/138/35 45/137/35
f 47/144/36 44/143/36 43/142/36 48/141/36
o c
v 0.01781031749084061 0.14837457339672822 0.30969113885930666
v 0.1510299486565987 0.03984446235489669 -0.291223784294801
v 0.015461295957385213 0.08682408883346515 0.320286890265549
v 0.1486809271231433 -0.021706022208366316 -0.28062803288855864
v 0.09001144821160278 0.03984446235489669 -0.3047512601659324
v -0.043208182954155294 0.14837457339672822 0.2961636629881752
v 0.08766242667814739 -0.021706022208366316 -0.2941555087596901
v -0.04555720448761058 0.08682408883346515 0.30675941439441756
vt 0.15625 0.65625
vt 0.171875 0.65625
vt 0.171875 0.640625
vt 0.15625 0.640625
vt 0 0.65625
vt 0.15625 0.65625
vt 0.15625 0.640625
vt 0 0.640625
vt 0.328125 0.65625
vt 0.34375 0.65625
vt 0.34375 0.640625
vt 0.328125 0.640625
vt 0.171875 0.65625
vt 0.328125 0.65625
vt 0.328125 0.640625
vt 0.171875 0.640625
vt 0.171875 0.65625
vt 0.15625 0.65625
vt 0.15625 0.8125
vt 0.171875 0.8125
vt 0.1875 0.8125
vt 0.171875 0.8125
vt 0.171875 0.65625
vt 0.1875 0.65625
vn 0.2131514098652129 -0.1736481776669304 -0.9614638770465722
vn 0.9762960071199335 1.387778780781446e-17 0.21643961393810293
vn -0.2131514098652129 0.1736481776669304 0.9614638770465722
vn -0.9762960071199335 -1.387778780781446e-17 -0.21643961393810293
vn 0.0375843445352855 0.984807753012208 -0.1695320224998769
vn -0.0375843445352855 -0.984807753012208 0.1695320224998769
usemtl m_014fbd95-dd00-9ddd-6ee9-3a263f44cd01
f 52/148/37 55/147/37 53/146/37 50/145/37
f 51/152/38 52/151/38 50/150/38 49/149/38
f 56/156/39 51/155/39 49/154/39 54/153/39
f 55/160/40 56/159/40 54/158/40 53/157/40
f 54/164/41 49/163/41 50/162/41 53/161/41
f 55/168/42 52/167/42 51/166/42 56/165/42
o l
v -0.024846385081505495 0.19000282678254288 0.3577210175360306
v 0.041763430501373544 0.13573777126162712 0.0572635559589767
v -0.02954442814841618 0.06690185765601686 0.3789125203485152
v 0.03706538743446286 0.0126368021351011 0.07845505877146142
v 0.041763430501373544 0.13573777126162712 0.0572635559589767
v -0.024846385081505495 0.19000282678254288 0.3577210175360306
v 0.03706538743446286 0.0126368021351011 0.07845505877146142
v -0.02954442814841618 0.06690185765601686 0.3789125203485152
vt 0.25 0.546875
vt 0.25 0.546875
vt 0.25 0.515625
vt 0.25 0.515625
vt 0.171875 0.546875
vt 0.25 0.546875
vt 0.25 0.515625
vt 0.171875 0.515625
vt 0.328125 0.546875
vt 0.328125 0.546875
vt 0.328125 0.515625
vt 0.328125 0.515625
vt 0.25 0.546875
vt 0.328125 0.546875
vt 0.328125 0.515625
vt 0.25 0.515625
vt 0.25 0.546875
vt 0.25 0.546875
vt 0.25 0.625
vt 0.25 0.625
vt 0.25 0.625
vt 0.25 0.625
vt 0.25 0.546875
vt 0.25 0.546875
vn 0.2131514098652129 -0.1736481776669304 -0.9614638770465722
vn 0.9762960071199335 1.387778780781446e-17 0.21643961393810293
vn -0.2131514098652129 0.1736481776669304 0.9614638770465722
vn -0.9762960071199335 -1.387778780781446e-17 -0.21643961393810293
vn 0.0375843445352855 0.984807753012208 -0.1695320224998769
vn -0.0375843445352855 -0.984807753012208 0.1695320224998769
usemtl m_014fbd95-dd00-9ddd-6ee9-3a263f44cd01
f 60/172/43 63/171/43 61/170/43 58/169/43
f 59/176/44 60/175/44 58/174/44 57/173/44
f 64/180/45 59/179/45 57/178/45 62/177/45
f 63/184/46 64/183/46 62/182/46 61/181/46
f 62/188/47 57/187/47 58/186/47 61/185/47
f 63/192/48 60/191/48 59/190/48 64/189/48
o l
v 0.03382309383003501 0.1284523422192798 0.3818442448134043
v 0.10043290941291405 0.07418728669836405 0.0813867832363504
v 0.03382309383003501 0.1284523422192798 0.3818442448134043
v 0.10043290941291405 0.07418728669836405 0.0813867832363504
v -0.021604091477077647 0.07418728669836405 0.0543318314940876
v -0.08821390705995669 0.1284523422192798 0.3547892930711415
v -0.021604091477077647 0.07418728669836405 0.0543318314940876
v -0.08821390705995669 0.1284523422192798 0.3547892930711415
vt 0.359375 0.609375
vt 0.390625 0.609375
vt 0.390625 0.609375
vt 0.359375 0.609375
vt 0.28125 0.609375
vt 0.359375 0.609375
vt 0.359375 0.609375
vt 0.28125 0.609375
vt 0.46875 0.609375
vt 0.5 0.609375
vt 0.5 0.609375
vt 0.46875 0.609375
vt 0.390625 0.609375
vt 0.46875 0.609375
vt 0.46875 0.609375
vt 0.390625 0.609375
vt 0.390625 0.609375
vt 0.359375 0.609375
vt 0.359375 0.6875
vt 0.390625 0.6875
vt 0.421875 0.6875
vt 0.390625 0.6875
vt 0.390625 0.609375
vt 0.421875 0.609375
vn 0.2131514098652129 -0.1736481776669304 -0.9614638770465722
vn 0.9762960071199335 1.387778780781446e-17 0.21643961393810293
vn -0.2131514098652129 0.1736481776669304 0.9614638770465722
vn -0.9762960071199335 -1.387778780781446e-17 -0.21643961393810293
vn 0.0375843445352855 0.984807753012208 -0.1695320224998769
vn -0.0375843445352855 -0.984807753012208 0.1695320224998769
usemtl m_014fbd95-dd00-9ddd-6ee9-3a263f44cd01
f 68/196/49 71/195/49 69/194/49 66/193/49
f 67/200/50 68/199/50 66/198/50 65/197/50
f 72/204/51 67/203/51 65/202/51 70/201/51
f 71/208/52 72/207/52 70/206/52 69/205/52
f 70/212/53 65/211/53 66/210/53 69/209/53
f 71/216/54 68/215/54 67/214/54 72/213/54