# Made in Blockbench 4.6.4
mtllib california_roll.mtl

o cube
v -0.09375 0.26249999999999996 -0.0774132559764652
v -0.09375 0.26249999999999996 -0.2649132559764652
v -0.09375 0.012499999999999956 -0.0774132559764652
v -0.09375 0.012499999999999956 -0.2649132559764652
v -0.28125 0.26249999999999996 -0.2649132559764652
v -0.28125 0.26249999999999996 -0.0774132559764652
v -0.28125 0.012499999999999956 -0.2649132559764652
v -0.28125 0.012499999999999956 -0.0774132559764652
vt 0.046875 0.609375
vt 0.09375 0.609375
vt 0.09375 0.546875
vt 0.046875 0.546875
vt 0 0.609375
vt 0.046875 0.609375
vt 0.046875 0.546875
vt 0 0.546875
vt 0.140625 0.609375
vt 0.1875 0.609375
vt 0.1875 0.546875
vt 0.140625 0.546875
vt 0.09375 0.609375
vt 0.140625 0.609375
vt 0.140625 0.546875
vt 0.09375 0.546875
vt 0.09375 0.609375
vt 0.046875 0.609375
vt 0.046875 0.65625
vt 0.09375 0.65625
vt 0.140625 0.65625
vt 0.09375 0.65625
vt 0.09375 0.609375
vt 0.140625 0.609375
vn 0 0 -1
vn 1 0 0
vn 0 0 1
vn -1 0 0
vn 0 1 0
vn 0 -1 0
usemtl m_bad4dd6c-201a-bb09-0fd1-3e5ea776809f
f 4/4/1 7/3/1 5/2/1 2/1/1
f 3/8/2 4/7/2 2/6/2 1/5/2
f 8/12/3 3/11/3 1/10/3 6/9/3
f 7/16/4 8/15/4 6/14/4 5/13/4
f 6/20/5 1/19/5 2/18/5 5/17/5
f 7/24/6 4/23/6 3/22/6 8/21/6
o cube
v -0.1466269522944289 0.2694324662512795 -0.13253322014504804
v -0.15480729244354557 0.2891815543841021 -0.19126400894416734
v -0.1241516524512728 0.21517229255153003 -0.1539094791029023
v -0.13233199260038941 0.23492138068435275 -0.21264026790202162
v -0.212549763225501 0.2652638398612841 -0.19126400894416734
v -0.20436942307638434 0.2455147517284615 -0.13253322014504804
v -0.1900744633823449 0.21100366616153465 -0.21264026790202162
v -0.18189412323322818 0.19125457802871204 -0.1539094791029023
vt 0.0625 0.90625
vt 0.078125 0.90625
vt 0.078125 0.890625
vt 0.0625 0.890625
vt 0.046875 0.90625
vt 0.0625 0.90625
vt 0.0625 0.890625
vt 0.046875 0.890625
vt 0.09375 0.90625
vt 0.109375 0.90625
vt 0.109375 0.890625
vt 0.09375 0.890625
vt 0.078125 0.90625
vt 0.09375 0.90625
vt 0.09375 0.890625
vt 0.078125 0.890625
vt 0.078125 0.90625
vt 0.0625 0.90625
vt 0.0625 0.921875
vt 0.078125 0.921875
vt 0.09375 0.921875
vt 0.078125 0.921875
vt 0.078125 0.90625
vt 0.09375 0.90625
vn -0.13088544238586666 0.31598541012516207 -0.9396926207859085
vn 0.9238795325112868 0.3826834323650894 2.7755575615628914e-17
vn 0.13088544238586666 -0.31598541012516207 0.9396926207859085
vn -0.9238795325112868 -0.3826834323650894 -2.7755575615628914e-17
vn -0.3596047974904978 0.868162779195991 0.34202014332566855
vn 0.3596047974904978 -0.868162779195991 -0.34202014332566855
usemtl m_bad4dd6c-201a-bb09-0fd1-3e5ea776809f
f 12/28/7 15/27/7 13/26/7 10/25/7
f 11/32/8 12/31/8 10/30/8 9/29/8
f 16/36/9 11/35/9 9/34/9 14/33/9
f 15/40/10 16/39/10 14/38/10 13/37/10
f 14/44/11 9/43/11 10/42/11 13/41/11
f 15/48/12 12/47/12 11/46/12 16/45/12
o cube
v 0.125 0.26249999999999996 -0.0149132559764652
v 0.125 0.26249999999999996 -0.2024132559764652
v 0.125 0.012499999999999956 -0.0149132559764652
v 0.125 0.012499999999999956 -0.2024132559764652
v -0.0625 0.26249999999999996 -0.2024132559764652
v -0.0625 0.26249999999999996 -0.0149132559764652
v -0.0625 0.012499999999999956 -0.2024132559764652
v -0.0625 0.012499999999999956 -0.0149132559764652
vt 0.375 0.796875
vt 0.421875 0.796875
vt 0.421875 0.734375
vt 0.375 0.734375
vt 0.328125 0.796875
vt 0.375 0.796875
vt 0.375 0.734375
vt 0.328125 0.734375
vt 0.46875 0.796875
vt 0.515625 0.796875
vt 0.515625 0.734375
vt 0.46875 0.734375
vt 0.421875 0.796875
vt 0.46875 0.796875
vt 0.46875 0.734375
vt 0.421875 0.734375
vt 0.421875 0.796875
vt 0.375 0.796875
vt 0.375 0.84375
vt 0.421875 0.84375
vt 0.46875 0.84375
vt 0.421875 0.84375
vt 0.421875 0.796875
vt 0.46875 0.796875
vn 0 0 -1
vn 1 0 0
vn 0 0 1
vn -1 0 0
vn 0 1 0
vn 0 -1 0
usemtl m_bad4dd6c-201a-bb09-0fd1-3e5ea776809f
f 20/52/13 23/51/13 21/50/13 18/49/13
f 19/56/14 20/55/14 18/54/14 17/53/14
f 24/60/15 19/59/15 17/58/15 22/57/15
f 23/64/16 24/63/16 22/62/16 21/61/16
f 22/68/17 17/67/17 18/66/17 21/65/17
f 23/72/18 20/71/18 19/70/18 24/69/18
o cube
v 0.06564908017354576 0.24604092030302382 -0.0870866234195033
v 0.05935758628048016 0.27107329600073304 -0.1440080365390165
v 0.052982042903409465 0.18951259553318578 -0.11054604936117307
v 0.04669054901034375 0.214544971230895 -0.16746746248068628
v -0.001521090375558476 0.2802481892232427 -0.13324429820305483
v 0.004770403517507238 0.2552158135255336 -0.07632288508354168
v -0.01418812764569477 0.22371986445340464 -0.1567037241447246
v -0.007896633752629112 0.19868748875569553 -0.0997823110252114
vt 0.015625 0.921875
vt 0.03125 0.921875
vt 0.03125 0.90625
vt 0.015625 0.90625
vt 0 0.921875
vt 0.015625 0.921875
vt 0.015625 0.90625
vt 0 0.90625
vt 0.046875 0.921875
vt 0.0625 0.921875
vt 0.0625 0.90625
vt 0.046875 0.90625
vt 0.03125 0.921875
vt 0.046875 0.921875
vt 0.046875 0.90625
vt 0.03125 0.90625
vt 0.03125 0.921875
vt 0.015625 0.921875
vt 0.015625 0.9375
vt 0.03125 0.9375
vt 0.046875 0.9375
vt 0.03125 0.9375
vt 0.03125 0.921875
vt 0.046875 0.921875
vn -0.10066390228905006 0.4005180111633455 -0.9107426099122071
vn 0.9740588264966171 -0.14679829156015528 -0.1722198133753863
vn 0.10066390228905006 -0.4005180111633455 0.9107426099122071
vn -0.9740588264966171 0.14679829156015528 0.1722198133753863
vn 0.2026725963221812 0.9044531963174092 0.3753508150667164
vn -0.2026725963221812 -0.9044531963174092 -0.3753508150667164
usemtl m_bad4dd6c-201a-bb09-0fd1-3e5ea776809f
f 28/76/19 31/75/19 29/74/19 26/73/19
f 27/80/20 28/79/20 26/78/20 25/77/20
f 32/84/21 27/83/21 25/82/21 30/81/21
f 31/88/22 32/87/22 30/86/22 29/85/22
f 30/92/23 25/91/23 26/90/23 29/89/23
f 31/96/24 28/95/24 27/94/24 32/93/24
o cube
v 0.34375 0.26249999999999996 0.0475867440235348
v 0.34375 0.26249999999999996 -0.1399132559764652
v 0.34375 0.012499999999999956 0.0475867440235348
v 0.34375 0.012499999999999956 -0.1399132559764652
v 0.15625 0.26249999999999996 -0.1399132559764652
v 0.15625 0.26249999999999996 0.0475867440235348
v 0.15625 0.012499999999999956 -0.1399132559764652
v 0.15625 0.012499999999999956 0.0475867440235348
vt 0.234375 0.671875
vt 0.28125 0.671875
vt 0.28125 0.609375
vt 0.234375 0.609375
vt 0.1875 0.671875
vt 0.234375 0.671875
vt 0.234375 0.609375
vt 0.1875 0.609375
vt 0.328125 0.671875
vt 0.375 0.671875
vt 0.375 0.609375
vt 0.328125 0.609375
vt 0.28125 0.671875
vt 0.328125 0.671875
vt 0.328125 0.609375
vt 0.28125 0.609375
vt 0.28125 0.671875
vt 0.234375 0.671875
vt 0.234375 0.71875
vt 0.28125 0.71875
vt 0.328125 0.71875
vt 0.28125 0.71875
vt 0.28125 0.671875
vt 0.328125 0.671875
vn 0 0 -1
vn 1 0 0
vn 0 0 1
vn -1 0 0
vn 0 1 0
vn 0 -1 0
usemtl m_bad4dd6c-201a-bb09-0fd1-3e5ea776809f
f 36/100/25 39/99/25 37/98/25 34/97/25
f 35/104/26 36/103/26 34/102/26 33/101/26
f 40/108/27 35/107/27 33/106/27 38/105/27
f 39/112/28 40/111/28 38/110/28 37/109/28
f 38/116/29 33/115/29 34/114/29 37/113/29
f 39/120/30 36/119/30 35/118/30 40/117/30
o cube
v 0.2867673538853325 0.2628640938265372 -0.021967166718820264
v 0.2743727227767525 0.2458451490195508 -0.08081424512836416
v 0.2722437649086944 0.205352757507826 -0.0022755045727805845
v 0.25984913380011443 0.1883338127008397 -0.06112258298232448
v 0.2148606359126548 0.2634250156997293 -0.07336375490373792
v 0.22725526702123477 0.2804439605067157 -0.014516676494194025
v 0.20033704693601673 0.20591367938101812 -0.05367209275769824
v 0.2127316780445967 0.22293262418800452 0.005174985651845598
vt 0.0625 0.9375
vt 0.078125 0.9375
vt 0.078125 0.921875
vt 0.0625 0.921875
vt 0.046875 0.9375
vt 0.0625 0.9375
vt 0.0625 0.921875
vt 0.046875 0.921875
vt 0.09375 0.9375
vt 0.109375 0.9375
vt 0.109375 0.921875
vt 0.09375 0.921875
vt 0.078125 0.9375
vt 0.09375 0.9375
vt 0.09375 0.921875
vt 0.078125 0.921875
vt 0.078125 0.9375
vt 0.0625 0.9375
vt 0.0625 0.953125
vt 0.078125 0.953125
vt 0.09375 0.953125
vt 0.078125 0.953125
vt 0.078125 0.9375
vt 0.09375 0.9375
vn -0.19831409773727832 -0.27230311691178105 -0.9415532545526982
vn 0.9521933898255618 -0.2812778668828557 -0.11920784359401956
vn 0.19831409773727832 0.27230311691178105 0.9415532545526982
vn -0.9521933898255618 0.2812778668828557 0.11920784359401956
vn 0.23237742362620986 0.9201813810993785 -0.31506659433663486
vn -0.23237742362620986 -0.9201813810993785 0.31506659433663486
usemtl m_bad4dd6c-201a-bb09-0fd1-3e5ea776809f
f 44/124/31 47/123/31 45/122/31 42/121/31
f 43/128/32 44/127/32 42/126/32 41/125/32
f 48/132/33 43/131/33 41/130/33 46/129/33
f 47/136/34 48/135/34 46/134/34 45/133/34
f 46/140/35 41/139/35 42/138/35 45/137/35
f 47/144/36 44/143/36 43/142/36 48/141/36
o cube
v 0.28125 0.26249999999999996 0.2663367440235348
v 0.28125 0.26249999999999996 0.0788367440235348
v 0.28125 0.012499999999999956 0.2663367440235348
v 0.28125 0.012499999999999956 0.0788367440235348
v 0.09375 0.26249999999999996 0.0788367440235348
v 0.09375 0.26249999999999996 0.2663367440235348
v 0.09375 0.012499999999999956 0.0788367440235348
v 0.09375 0.012499999999999956 0.2663367440235348
vt 0.046875 0.84375
vt 0.09375 0.84375
vt 0.09375 0.78125
vt 0.046875 0.78125
vt 0 0.84375
vt 0.046875 0.84375
vt 0.046875 0.78125
vt 0 0.78125
vt 0.140625 0.84375
vt 0.1875 0.84375
vt 0.1875 0.78125
vt 0.140625 0.78125
vt 0.09375 0.84375
vt 0.140625 0.84375
vt 0.140625 0.78125
vt 0.09375 0.78125
vt 0.09375 0.84375
vt 0.046875 0.84375
vt 0.046875 0.890625
vt 0.09375 0.890625
vt 0.140625 0.890625
vt 0.09375 0.890625
vt 0.09375 0.84375
vt 0.140625 0.84375
vn 0 0 -1
vn 1 0 0
vn 0 0 1
vn -1 0 0
vn 0 1 0
vn 0 -1 0
usemtl m_bad4dd6c-201a-bb09-0fd1-3e5ea776809f
f 52/148/37 55/147/37 53/146/37 50/145/37
f 51/152/38 52/151/38 50/150/38 49/149/38
f 56/156/39 51/155/39 49/154/39 54/153/39
f 55/160/40 56/159/40 54/158/40 53/157/40
f 54/164/41 49/163/41 50/162/41 53/161/41
f 55/168/42 52/167/42 51/166/42 56/165/42
o cube
v 0.2241477812033782 0.2501543781102956 0.19345237479299404
v 0.21417042492120697 0.28007869398552276 0.13949648835770057
v 0.22313804302137863 0.1954256792526614 0.16328616936118334
v 0.2131606867392074 0.22534999512788867 0.10933028292588998
v 0.1524802085946091 0.2761347314159709 0.14871670358444788
v 0.1624575648767803 0.24621041554074374 0.20267259001974125
v 0.15147047041260953 0.2214060325583368 0.11855049815263718
v 0.16144782669478075 0.19148171668310954 0.17250638458793055
vt 0.0625 0.96875
vt 0.078125 0.96875
vt 0.078125 0.953125
vt 0.0625 0.953125
vt 0.046875 0.96875
vt 0.0625 0.96875
vt 0.0625 0.953125
vt 0.046875 0.953125
vt 0.09375 0.96875
vt 0.109375 0.96875
vt 0.109375 0.953125
vt 0.09375 0.953125
vt 0.078125 0.96875
vt 0.09375 0.96875
vt 0.09375 0.953125
vt 0.078125 0.953125
vt 0.078125 0.96875
vt 0.0625 0.96875
vt 0.0625 0.984375
vt 0.078125 0.984375
vt 0.09375 0.984375
vt 0.078125 0.984375
vt 0.078125 0.96875
vt 0.09375 0.96875
vn -0.15963770051473805 0.4787890540036327 -0.863294182964691
vn 0.9870434612255647 0.06310340111282997 -0.14752344362795553
vn 0.15963770051473805 -0.4787890540036327 0.863294182964691
vn -0.9870434612255647 -0.06310340111282997 0.14752344362795553
vn 0.016155810911993366 0.8756591817221471 0.4826592869089708
vn -0.016155810911993366 -0.8756591817221471 -0.4826592869089708
usemtl m_bad4dd6c-201a-bb09-0fd1-3e5ea776809f
f 60/172/43 63/171/43 61/170/43 58/169/43
f 59/176/44 60/175/44 58/174/44 57/173/44
f 64/180/45 59/179/45 57/178/45 62/177/45
f 63/184/46 64/183/46 62/182/46 61/181/46
f 62/188/47 57/187/47 58/186/47 61/185/47
f 63/192/48 60/191/48 59/190/48 64/189/48
o cube
v 0.0625 0.26249999999999996 0.2038367440235348
v 0.0625 0.26249999999999996 0.0163367440235348
v 0.0625 0.012499999999999956 0.2038367440235348
v 0.0625 0.012499999999999956 0.0163367440235348
v -0.125 0.26249999999999996 0.0163367440235348
v -0.125 0.26249999999999996 0.2038367440235348
v -0.125 0.012499999999999956 0.0163367440235348
v -0.125 0.012499999999999956 0.2038367440235348
vt 0.1875 0.78125
vt 0.234375 0.78125
vt 0.234375 0.71875
vt 0.1875 0.71875
vt 0.140625 0.78125
vt 0.1875 0.78125
vt 0.1875 0.71875
vt 0.140625 0.71875
vt 0.28125 0.78125
vt 0.328125 0.78125
vt 0.328125 0.71875
vt 0.28125 0.71875
vt 0.234375 0.78125
vt 0.28125 0.78125
vt 0.28125 0.71875
vt 0.234375 0.71875
vt 0.234375 0.78125
vt 0.1875 0.78125
vt 0.1875 0.828125
vt 0.234375 0.828125
vt 0.28125 0.828125
vt 0.234375 0.828125
vt 0.234375 0.78125
vt 0.28125 0.78125
vn 0 0 -1
vn 1 0 0
vn 0 0 1
vn -1 0 0
vn 0 1 0
vn 0 -1 0
usemtl m_bad4dd6c-201a-bb09-0fd1-3e5ea776809f
f 68/196/49 71/195/49 69/194/49 66/193/49
f 67/200/50 68/199/50 66/198/50 65/197/50
f 72/204/51 67/203/51 65/202/51 70/201/51
f 71/208/52 72/207/52 70/206/52 69/205/52
f 70/212/53 65/211/53 66/210/53 69/209/53
f 71/216/54 68/215/54 67/214/54 72/213/54
o cube
v 0.0018590720681761486 0.2732610342229358 0.137006534790296
v -0.007861926802860852 0.2826623756056379 0.0759871365537087
v 0.0301632759829924 0.21904228261614778 0.12414383620291025
v 0.020442277111955343 0.22844362399885 0.06312443796632305
v -0.06273108227018886 0.2530280753033307 0.08016254358714592
v -0.05301008339915181 0.2436267339206286 0.14118194182373311
v -0.03442687835537267 0.1988093236965428 0.06729984499976016
v -0.024705879484335613 0.1894079823138406 0.12831924323634747
vt 0.015625 0.953125
vt 0.03125 0.953125
vt 0.03125 0.9375
vt 0.015625 0.9375
vt 0 0.953125
vt 0.015625 0.953125
vt 0.015625 0.9375
vt 0 0.9375
vt 0.046875 0.953125
vt 0.0625 0.953125
vt 0.0625 0.9375
vt 0.046875 0.9375
vt 0.03125 0.953125
vt 0.046875 0.953125
vt 0.046875 0.9375
vt 0.03125 0.9375
vt 0.03125 0.953125
vt 0.015625 0.953125
vt 0.015625 0.96875
vt 0.03125 0.96875
vt 0.046875 0.96875
vt 0.03125 0.96875
vt 0.03125 0.953125
vt 0.046875 0.953125
vn -0.15553598193659213 0.15042146212323337 -0.9763103717853912
vn 0.8779064874772466 0.4741488048369147 -0.06680651253499435
vn 0.15553598193659213 -0.15042146212323337 0.9763103717853912
vn -0.8779064874772466 -0.4741488048369147 0.06680651253499435
vn -0.4528672626370591 0.8675000257086071 0.20580317739817067
vn 0.4528672626370591 -0.8675000257086071 -0.20580317739817067
usemtl m_bad4dd6c-201a-bb09-0fd1-3e5ea776809f
f 76/220/55 79/219/55 77/218/55 74/217/55
f 75/224/56 76/223/56 74/222/56 73/221/56
f 80/228/57 75/227/57 73/226/57 78/225/57
f 79/232/58 80/231/58 78/230/58 77/229/58
f 78/236/59 73/235/59 74/234/59 77/233/59
f 79/240/60 76/239/60 75/238/60 80/237/60
o cube
v -0.15625 0.26249999999999996 0.1413367440235348
v -0.15625 0.26249999999999996 -0.0461632559764652
v -0.15625 0.012499999999999956 0.1413367440235348
v -0.15625 0.012499999999999956 -0.0461632559764652
v -0.34375 0.26249999999999996 -0.0461632559764652
v -0.34375 0.26249999999999996 0.1413367440235348
v -0.34375 0.012499999999999956 -0.0461632559764652
v -0.34375 0.012499999999999956 0.1413367440235348
vt 0.046875 0.71875
vt 0.09375 0.71875
vt 0.09375 0.65625
vt 0.046875 0.65625
vt 0 0.71875
vt 0.046875 0.71875
vt 0.046875 0.65625
vt 0 0.65625
vt 0.140625 0.71875
vt 0.1875 0.71875
vt 0.1875 0.65625
vt 0.140625 0.65625
vt 0.09375 0.71875
vt 0.140625 0.71875
vt 0.140625 0.65625
vt 0.09375 0.65625
vt 0.09375 0.71875
vt 0.046875 0.71875
vt 0.046875 0.765625
vt 0.09375 0.765625
vt 0.140625 0.765625
vt 0.09375 0.765625
vt 0.09375 0.71875
vt 0.140625 0.71875
vn 0 0 -1
vn 1 0 0
vn 0 0 1
vn -1 0 0
vn 0 1 0
vn 0 -1 0
usemtl m_bad4dd6c-201a-bb09-0fd1-3e5ea776809f
f 84/244/61 87/243/61 85/242/61 82/241/61
f 83/248/62 84/247/62 82/246/62 81/245/62
f 88/252/63 83/251/63 81/250/63 86/249/63
f 87/256/64 88/255/64 86/254/64 85/253/64
f 86/260/65 81/259/65 82/258/65 85/257/65
f 87/264/66 84/263/66 83/262/66 88/261/66
o cube
v -0.21285372785093293 0.2749053221629124 0.06832807712656042
v -0.22403426831295858 0.24724538873758928 0.013408375762808067
v -0.2118731500941286 0.21901210486670597 0.09627868941935092
v -0.2230536905561542 0.19135217144138272 0.04135898805559868
v -0.2855182823510797 0.251383787363354 0.02384100125088151
v -0.2743377418890541 0.27904372078867723 0.07876070261463375
v -0.28453770459427535 0.19549057006714754 0.05179161354367201
v -0.27335716413224975 0.2231505034924708 0.10671131490742436
vt 0.015625 0.984375
vt 0.03125 0.984375
vt 0.03125 0.96875
vt 0.015625 0.96875
vt 0 0.984375
vt 0.015625 0.984375
vt 0.015625 0.96875
vt 0 0.96875
vt 0.046875 0.984375
vt 0.0625 0.984375
vt 0.0625 0.96875
vt 0.046875 0.96875
vt 0.03125 0.984375
vt 0.046875 0.984375
vt 0.046875 0.96875
vt 0.03125 0.96875
vt 0.03125 0.984375
vt 0.015625 0.984375
vt 0.015625 1
vt 0.03125 1
vt 0.046875 1
vt 0.03125 1
vt 0.03125 0.984375
vt 0.046875 0.984375
vn -0.17888864739240892 -0.442558934805169 -0.8787152218200323
vn 0.9837442246099373 -0.06621437801223704 -0.16692200780917388
vn 0.17888864739240892 0.442558934805169 0.8787152218200323
vn -0.9837442246099373 0.06621437801223704 0.16692200780917388
vn -0.015689244108869772 0.894291476739305 -0.44720979668464955
vn 0.015689244108869772 -0.894291476739305 0.44720979668464955
usemtl m_bad4dd6c-201a-bb09-0fd1-3e5ea776809f
f 92/268/67 95/267/67 93/266/67 90/265/67
f 91/272/68 92/271/68 90/270/68 89/269/68
f 96/276/69 91/275/69 89/274/69 94/273/69
f 95/280/70 96/279/70 94/278/70 93/277/70
f 94/284/71 89/283/71 90/282/71 93/281/71
f 95/288/72 92/287/72 91/286/72 96/285/72
o cube
v 0.32898287353681577 0.006249999999999978 0.39302109538733343
v 0.4642576322481301 0.006249999999999978 -0.2171639090626249
v 0.32898287353681577 0.006249999999999978 0.39302109538733343
v 0.4642576322481301 0.006249999999999978 -0.2171639090626249
v -0.3289828735368157 0.006249999999999978 -0.3930210953873335
v -0.46425763224813005 0.006249999999999978 0.21716390906262495
v -0.3289828735368157 0.006249999999999978 -0.3930210953873335
v -0.46425763224813005 0.006249999999999978 0.21716390906262495
vt 0.15625 0.84375
vt 0.359375 0.84375
vt 0.359375 0.84375
vt 0.15625 0.84375
vt 0 0.84375
vt 0.15625 0.84375
vt 0.15625 0.84375
vt 0 0.84375
vt 0.515625 0.84375
vt 0.71875 0.84375
vt 0.71875 0.84375
vt 0.515625 0.84375
vt 0.359375 0.84375
vt 0.515625 0.84375
vt 0.515625 0.84375
vt 0.359375 0.84375
vt 0.359375 0.84375
vt 0.15625 0.84375
vt 0.15625 1
vt 0.359375 1
vt 0.5625 1
vt 0.359375 1
vt 0.359375 0.84375
vt 0.5625 0.84375
vn 0.21643961393810288 0 -0.9762960071199334
vn 0.9762960071199334 0 0.21643961393810288
vn -0.21643961393810288 0 0.9762960071199334
vn -0.9762960071199334 0 -0.21643961393810288
vn 0 1 0
vn 0 -1 0
usemtl m_bad4dd6c-201a-bb09-0fd1-3e5ea776809f
f 100/292/73 103/291/73 101/290/73 98/289/73
f 99/296/74 100/295/74 98/294/74 97/293/74
f 104/300/75 99/299/75 97/298/75 102/297/75
f 103/304/76 104/303/76 102/302/76 101/301/76
f 102/308/77 97/307/77 98/306/77 101/305/77
f 103/312/78 100/311/78 99/310/78 104/309/78