# Made in Blockbench 4.6.4
mtllib candy.mtl

o cube
v 0.3749426612771327 0.257302699191428 -0.05033978716208265
v 0.21871645890894642 0.26275657620307913 -0.32093150713731816
v 0.3727611104724723 0.007340775402330246 -0.05411834399504728
v 0.216534908104286 0.012794652413981367 -0.3247100639702828
v 0.002210107962836827 0.26275657620307913 -0.195931507137318
v 0.15843631033102312 0.257302699191428 0.07466021283791757
v 0.000028557158176401032 0.012794652413981367 -0.19971006397028263
v 0.1562547595263627 0.007340775402330246 0.07088165600495289
vt 0.078125 0.78125
vt 0.140625 0.78125
vt 0.140625 0.71875
vt 0.078125 0.71875
vt 0 0.78125
vt 0.078125 0.78125
vt 0.078125 0.71875
vt 0 0.71875
vt 0.21875 0.78125
vt 0.28125 0.78125
vt 0.28125 0.71875
vt 0.21875 0.71875
vt 0.140625 0.78125
vt 0.21875 0.78125
vt 0.21875 0.71875
vt 0.140625 0.71875
vt 0.140625 0.78125
vt 0.078125 0.78125
vt 0.078125 0.859375
vt 0.140625 0.859375
vt 0.203125 0.859375
vt 0.140625 0.859375
vt 0.140625 0.78125
vt 0.203125 0.78125
vn -0.4999238475781963 0.01745240643728351 -0.8658935039207537
vn 0.8660254037844384 8.673617379884035e-19 -0.5000000000000007
vn 0.4999238475781963 -0.01745240643728351 0.8658935039207537
vn -0.8660254037844384 -8.673617379884035e-19 0.5000000000000007
vn 0.008726203218641766 0.9998476951563913 0.015114227331858583
vn -0.008726203218641766 -0.9998476951563913 -0.015114227331858583
usemtl m_51f8cd56-f876-8a0a-695a-6330ef33daaa
f 4/4/1 7/3/1 5/2/1 2/1/1
f 3/8/2 4/7/2 2/6/2 1/5/2
f 8/12/3 3/11/3 1/10/3 6/9/3
f 7/16/4 8/15/4 6/14/4 5/13/4
f 6/20/5 1/19/5 2/18/5 5/17/5
f 7/24/6 4/23/6 3/22/6 8/21/6
o cube
v 0.19553110233422577 0.004604529210177399 -0.25234103845394
v 0.09029525375471514 0.09950951395939789 -0.4582984613439649
v 0.09712237137046675 0.1900529268011648 -0.1166037425436503
v -0.008113477209043929 0.2849579115503853 -0.3225611654336752
v 0.09029525375471514 0.09950951395939789 -0.4582984613439649
v 0.19553110233422577 0.004604529210177399 -0.25234103845394
v -0.008113477209043929 0.2849579115503853 -0.3225611654336752
v 0.09712237137046675 0.1900529268011648 -0.1166037425436503
vt 0.4375 0.671875
vt 0.4375 0.671875
vt 0.4375 0.609375
vt 0.4375 0.609375
vt 0.375 0.671875
vt 0.4375 0.671875
vt 0.4375 0.609375
vt 0.375 0.609375
vt 0.5 0.671875
vt 0.5 0.671875
vt 0.5 0.609375
vt 0.5 0.609375
vt 0.4375 0.671875
vt 0.5 0.671875
vt 0.5 0.609375
vt 0.4375 0.609375
vt 0.4375 0.671875
vt 0.4375 0.671875
vt 0.4375 0.734375
vt 0.4375 0.734375
vt 0.4375 0.734375
vt 0.4375 0.734375
vt 0.4375 0.671875
vt 0.4375 0.671875
vn -0.42094339431804256 0.37961993899688196 -0.8238296915600994
vn -0.8172259207230551 -0.5528390102108974 0.16282144603027748
vn 0.42094339431804256 -0.37961993899688196 0.8238296915600994
vn 0.8172259207230551 0.5528390102108974 -0.16282144603027748
vn 0.3936349238550362 -0.7417935903639497 -0.5429491836411589
vn -0.3936349238550362 0.7417935903639497 0.5429491836411589
usemtl m_51f8cd56-f876-8a0a-695a-6330ef33daaa
f 12/28/7 15/27/7 13/26/7 10/25/7
f 11/32/8 12/31/8 10/30/8 9/29/8
f 16/36/9 11/35/9 9/34/9 14/33/9
f 15/40/10 16/39/10 14/38/10 13/37/10
f 14/44/11 9/43/11 10/42/11 13/41/11
f 15/48/12 12/47/12 11/46/12 16/45/12
o cube
v 0.19721293647239424 0.19892630809543754 -0.18601649164561906
v 0.12388074282718253 0.29655241308544944 -0.40417132885914586
v 0.06353688229799959 -0.0069899723248865175 -0.23323087502846934
v -0.009795311347212177 0.09063613266512538 -0.45138571224199614
v 0.12388074282718253 0.29655241308544944 -0.40417132885914586
v 0.19721293647239424 0.19892630809543754 -0.18601649164561906
v -0.009795311347212177 0.09063613266512538 -0.45138571224199614
v 0.06353688229799959 -0.0069899723248865175 -0.23323087502846934
vt 0.1875 0.546875
vt 0.1875 0.546875
vt 0.1875 0.484375
vt 0.1875 0.484375
vt 0.125 0.546875
vt 0.1875 0.546875
vt 0.1875 0.484375
vt 0.125 0.484375
vt 0.25 0.546875
vt 0.25 0.546875
vt 0.25 0.484375
vt 0.25 0.484375
vt 0.1875 0.546875
vt 0.25 0.546875
vt 0.25 0.484375
vt 0.1875 0.484375
vt 0.1875 0.546875
vt 0.1875 0.546875
vt 0.1875 0.609375
vt 0.1875 0.609375
vt 0.1875 0.609375
vt 0.1875 0.609375
vt 0.1875 0.546875
vt 0.1875 0.546875
vn -0.29332877458084694 0.3905044199600473 -0.8726193488541071
vn 0.7924958237421365 -0.41119589652305966 -0.4504090407994382
vn 0.29332877458084694 -0.3905044199600473 0.8726193488541071
vn -0.7924958237421365 0.41119589652305966 0.4504090407994382
vn 0.5347042166975791 0.823665121681296 0.18885753353140108
vn -0.5347042166975791 -0.823665121681296 -0.18885753353140108
usemtl m_51f8cd56-f876-8a0a-695a-6330ef33daaa
f 20/52/13 23/51/13 21/50/13 18/49/13
f 19/56/14 20/55/14 18/54/14 17/53/14
f 24/60/15 19/59/15 17/58/15 22/57/15
f 23/64/16 24/63/16 22/62/16 21/61/16
f 22/68/17 17/67/17 18/66/17 21/65/17
f 23/72/18 20/71/18 19/70/18 24/69/18
o cube
v 0.26105689901060325 0.1854772396874259 -0.24759571366642208
v 0.14286707706068835 0.10408520107313679 -0.4523064902211934
v 0.044550548064493656 0.1854772396874259 -0.1225957136664218
v -0.07363927388542119 0.1040852010731369 -0.32730649022119307
v 0.14286707706068835 0.10408520107313679 -0.4523064902211934
v 0.26105689901060325 0.1854772396874259 -0.24759571366642208
v -0.07363927388542119 0.1040852010731369 -0.32730649022119307
v 0.044550548064493656 0.1854772396874259 -0.1225957136664218
vt 0.4375 0.609375
vt 0.4375 0.609375
vt 0.4375 0.546875
vt 0.4375 0.546875
vt 0.375 0.609375
vt 0.4375 0.609375
vt 0.4375 0.546875
vt 0.375 0.546875
vt 0.5 0.609375
vt 0.5 0.609375
vt 0.5 0.546875
vt 0.5 0.546875
vt 0.4375 0.609375
vt 0.5 0.609375
vt 0.5 0.546875
vt 0.4375 0.546875
vt 0.4375 0.609375
vt 0.4375 0.609375
vt 0.4375 0.671875
vt 0.4375 0.671875
vt 0.4375 0.671875
vt 0.4375 0.671875
vt 0.4375 0.609375
vt 0.4375 0.609375
vn -0.47275928779965964 -0.3255681544571561 -0.8188431062190853
vn 0.1627840772285783 -0.9455185755993171 0.2819502924231131
vn 0.47275928779965964 0.3255681544571561 0.8188431062190853
vn -0.1627840772285783 0.9455185755993171 -0.2819502924231131
vn 0.8660254037844382 -1.6653345369377346e-16 -0.500000000000001
vn -0.8660254037844382 1.6653345369377346e-16 0.500000000000001
usemtl m_51f8cd56-f876-8a0a-695a-6330ef33daaa
f 28/76/19 31/75/19 29/74/19 26/73/19
f 27/80/20 28/79/20 26/78/20 25/77/20
f 32/84/21 27/83/21 25/82/21 30/81/21
f 31/88/22 32/87/22 30/86/22 29/85/22
f 30/92/23 25/91/23 26/90/23 29/89/23
f 31/96/24 28/95/24 27/94/24 32/93/24
o cube
v 0.4214937584215144 0.07463513079457007 0.14979265670270292
v 0.32037854824787415 0.013558289019740433 -0.07053739950922877
v 0.2579942920602567 0.26235585441073506 0.17278949180250336
v 0.15687908188661648 0.20127901263590542 -0.047540564409428276
v 0.32037854824787415 0.013558289019740433 -0.07053739950922877
v 0.4214937584215144 0.07463513079457007 0.14979265670270292
v 0.15687908188661648 0.20127901263590542 -0.047540564409428276
v 0.2579942920602567 0.26235585441073506 0.17278949180250336
vt 0.4375 0.8125
vt 0.4375 0.8125
vt 0.4375 0.75
vt 0.4375 0.75
vt 0.375 0.8125
vt 0.4375 0.8125
vt 0.4375 0.75
vt 0.375 0.75
vt 0.5 0.8125
vt 0.5 0.8125
vt 0.5 0.75
vt 0.5 0.75
vt 0.4375 0.8125
vt 0.5 0.8125
vt 0.5 0.75
vt 0.4375 0.75
vt 0.4375 0.8125
vt 0.4375 0.8125
vt 0.4375 0.875
vt 0.4375 0.875
vt 0.4375 0.875
vt 0.4375 0.875
vt 0.4375 0.8125
vt 0.4375 0.8125
vn -0.4044608406945611 -0.24430736709931855 -0.8813202248477268
vn -0.6392950964445079 -0.6135868228550656 0.46347922335379144
vn 0.4044608406945611 0.24430736709931855 0.8813202248477268
vn 0.6392950964445079 0.6135868228550656 -0.46347922335379144
vn 0.6539978654450306 -0.7508828944646597 -0.09198734039920181
vn -0.6539978654450306 0.7508828944646597 0.09198734039920181
usemtl m_51f8cd56-f876-8a0a-695a-6330ef33daaa
f 36/100/25 39/99/25 37/98/25 34/97/25
f 35/104/26 36/103/26 34/102/26 33/101/26
f 40/108/27 35/107/27 33/106/27 38/105/27
f 39/112/28 40/111/28 38/110/28 37/109/28
f 38/116/29 33/115/29 34/114/29 37/113/29
f 39/120/30 36/119/30 35/118/30 40/117/30
o cube
v 0.3625538125524401 0.28975172942121197 0.10428249095429065
v 0.2592496525041017 0.20825086478393084 -0.10828716722881615
v 0.31912318780402926 0.06766327864654487 0.21053925952209074
v 0.21581902775569095 -0.013837585990736201 -0.0020303986610161195
v 0.2592496525041017 0.20825086478393084 -0.10828716722881615
v 0.3625538125524401 0.28975172942121197 0.10428249095429065
v 0.21581902775569095 -0.013837585990736201 -0.0020303986610161195
v 0.31912318780402926 0.06766327864654487 0.21053925952209074
vt 0.4375 0.9375
vt 0.4375 0.9375
vt 0.4375 0.875
vt 0.4375 0.875
vt 0.375 0.9375
vt 0.4375 0.9375
vt 0.4375 0.875
vt 0.375 0.875
vt 0.5 0.9375
vt 0.5 0.9375
vt 0.5 0.875
vt 0.5 0.875
vt 0.4375 0.9375
vt 0.5 0.9375
vt 0.5 0.875
vt 0.4375 0.875
vt 0.4375 0.9375
vt 0.4375 0.9375
vt 0.4375 1
vt 0.4375 1
vt 0.4375 1
vt 0.4375 1
vt 0.4375 0.9375
vt 0.4375 0.9375
vn -0.41321664019335347 -0.3260034585491243 -0.8502786327324274
vn 0.8939085532708143 -0.32334078854073156 -0.31044843831969515
vn 0.41321664019335347 0.3260034585491243 0.8502786327324274
vn -0.8939085532708143 0.32334078854073156 0.31044843831969515
vn 0.1737224989936431 0.8883538030986682 -0.4250270742712003
vn -0.1737224989936431 -0.8883538030986682 0.4250270742712003
usemtl m_51f8cd56-f876-8a0a-695a-6330ef33daaa
f 44/124/31 47/123/31 45/122/31 42/121/31
f 43/128/32 44/127/32 42/126/32 41/125/32
f 48/132/33 43/131/33 41/130/33 46/129/33
f 47/136/34 48/135/34 46/134/34 45/133/34
f 46/140/35 41/139/35 42/138/35 45/137/35
f 47/144/36 44/143/36 43/142/36 48/141/36
o cube
v 0.4599181784380926 0.14122919025372205 0.09684212596014086
v 0.334961012816148 0.13468495317675377 -0.11959003366686638
v 0.24341182749198298 0.14122919025372171 0.22184212596014086
v 0.11845466187003828 0.13468495317675344 0.005409966333133731
v 0.334961012816148 0.13468495317675377 -0.11959003366686638
v 0.4599181784380926 0.14122919025372205 0.09684212596014086
v 0.11845466187003828 0.13468495317675344 0.005409966333133731
v 0.24341182749198298 0.14122919025372171 0.22184212596014086
vt 0.0625 0.59375
vt 0.0625 0.59375
vt 0.0625 0.53125
vt 0.0625 0.53125
vt 0 0.59375
vt 0.0625 0.59375
vt 0.0625 0.53125
vt 0 0.53125
vt 0.125 0.59375
vt 0.125 0.59375
vt 0.125 0.53125
vt 0.125 0.53125
vt 0.0625 0.59375
vt 0.125 0.59375
vt 0.125 0.53125
vt 0.0625 0.53125
vt 0.0625 0.59375
vt 0.0625 0.59375
vt 0.0625 0.65625
vt 0.0625 0.65625
vt 0.0625 0.65625
vt 0.0625 0.65625
vt 0.0625 0.59375
vt 0.0625 0.59375
vn -0.4998286624877789 -0.026176948307873146 -0.8657286385080287
vn 0.013088474153937532 -0.9996573249755573 0.02266990222816966
vn 0.4998286624877789 0.026176948307873146 0.8657286385080287
vn -0.013088474153937532 0.9996573249755573 -0.02266990222816966
vn 0.8660254037844385 1.1258355359089478e-15 -0.5000000000000001
vn -0.8660254037844385 -1.1258355359089478e-15 0.5000000000000001
usemtl m_51f8cd56-f876-8a0a-695a-6330ef33daaa
f 52/148/37 55/147/37 53/146/37 50/145/37
f 51/152/38 52/151/38 50/150/38 49/149/38
f 56/156/39 51/155/39 49/154/39 54/153/39
f 55/160/40 56/159/40 54/158/40 53/157/40
f 54/164/41 49/163/41 50/162/41 53/161/41
f 55/168/42 52/167/42 51/166/42 56/165/42
o cube
v 0.31636143308464915 0.22714823412012097 -0.0893054507612503
v 0.22262571166373735 0.23042056032711167 -0.2516604827463916
v 0.3147252699811539 0.03967679127829771 -0.09213936838597375
v 0.2209895485602421 0.04294911748528829 -0.2544944003711151
v 0.06024594845415532 0.23042056032711167 -0.15791048274639147
v 0.15398166987506712 0.22714823412012097 0.0044445492387498176
v 0.05860978535065997 0.04294911748528829 -0.16074440037111498
v 0.15234550677157177 0.03967679127829771 0.0016106316140263033
vt 0.28125 0.71875
vt 0.328125 0.71875
vt 0.328125 0.671875
vt 0.28125 0.671875
vt 0.234375 0.71875
vt 0.28125 0.71875
vt 0.28125 0.671875
vt 0.234375 0.671875
vt 0.375 0.71875
vt 0.421875 0.71875
vt 0.421875 0.671875
vt 0.375 0.671875
vt 0.328125 0.71875
vt 0.375 0.71875
vt 0.375 0.671875
vt 0.328125 0.671875
vt 0.328125 0.71875
vt 0.28125 0.71875
vt 0.28125 0.765625
vt 0.328125 0.765625
vt 0.375 0.765625
vt 0.328125 0.765625
vt 0.328125 0.71875
vt 0.375 0.71875
vn -0.4999238475781963 0.01745240643728351 -0.8658935039207537
vn 0.8660254037844384 8.673617379884035e-19 -0.5000000000000007
vn 0.4999238475781963 -0.01745240643728351 0.8658935039207537
vn -0.8660254037844384 -8.673617379884035e-19 0.5000000000000007
vn 0.008726203218641766 0.9998476951563913 0.015114227331858583
vn -0.008726203218641766 -0.9998476951563913 -0.015114227331858583
usemtl m_51f8cd56-f876-8a0a-695a-6330ef33daaa
f 60/172/43 63/171/43 61/170/43 58/169/43
f 59/176/44 60/175/44 58/174/44 57/173/44
f 64/180/45 59/179/45 57/178/45 62/177/45
f 63/184/46 64/183/46 62/182/46 61/181/46
f 62/188/47 57/187/47 58/186/47 61/185/47
f 63/192/48 60/191/48 59/190/48 64/189/48
o cube
v -0.11909152223603581 0.257302699191428 0.33223938289888966
v -0.025135272062752234 0.26275657620307913 0.03424822819976592
v -0.11777951227828654 0.007340775402330246 0.32807821893624345
v -0.023823262105003018 0.012794652413981367 0.03008706423711971
v -0.263564509749809 0.26275657620307913 -0.040928221676302334
v -0.3575207599230925 0.257302699191428 0.25706293302282146
v -0.2622524997920598 0.012794652413981367 -0.04508938563894854
v -0.3562087499653433 0.007340775402330246 0.25290176906017525
vt 0.078125 0.921875
vt 0.140625 0.921875
vt 0.140625 0.859375
vt 0.078125 0.859375
vt 0 0.921875
vt 0.078125 0.921875
vt 0.078125 0.859375
vt 0 0.859375
vt 0.21875 0.921875
vt 0.28125 0.921875
vt 0.28125 0.859375
vt 0.21875 0.859375
vt 0.140625 0.921875
vt 0.21875 0.921875
vt 0.21875 0.859375
vt 0.140625 0.859375
vt 0.140625 0.921875
vt 0.078125 0.921875
vt 0.078125 1
vt 0.140625 1
vt 0.203125 1
vt 0.140625 1
vt 0.140625 0.921875
vt 0.203125 0.921875
vn 0.30066000055450737 0.017452406437283508 -0.9535716950371964
vn 0.9537169507482269 3.469446951953614e-18 0.3007057995042731
vn -0.30066000055450737 -0.017452406437283508 0.9535716950371964
vn -0.9537169507482269 -3.469446951953614e-18 -0.3007057995042731
vn -0.005248039830996861 0.9998476951563913 0.01664465585058475
vn 0.005248039830996861 -0.9998476951563913 -0.01664465585058475
usemtl m_51f8cd56-f876-8a0a-695a-6330ef33daaa
f 68/196/49 71/195/49 69/194/49 66/193/49
f 67/200/50 68/199/50 66/198/50 65/197/50
f 72/204/51 67/203/51 65/202/51 70/201/51
f 71/208/52 72/207/52 70/206/52 69/205/52
f 70/212/53 65/211/53 66/210/53 69/209/53
f 71/216/54 68/215/54 67/214/54 72/213/54
o cube
v -0.10230983982931585 0.009083633039145722 0.0733964170074689
v -0.0073490308276613625 0.08746458283539205 -0.14417856193723788
v -0.26119808474799233 0.20209785792517065 0.07358247696996434
v -0.16623727574633784 0.280478807721417 -0.14399250197474245
v -0.0073490308276613625 0.08746458283539205 -0.14417856193723788
v -0.10230983982931585 0.009083633039145722 0.0733964170074689
v -0.16623727574633784 0.280478807721417 -0.14399250197474245
v -0.26119808474799233 0.20209785792517065 0.07358247696996434
vt 0.3125 0.609375
vt 0.3125 0.609375
vt 0.3125 0.546875
vt 0.3125 0.546875
vt 0.25 0.609375
vt 0.3125 0.609375
vt 0.3125 0.546875
vt 0.25 0.546875
vt 0.375 0.609375
vt 0.375 0.609375
vt 0.375 0.546875
vt 0.375 0.546875
vt 0.3125 0.609375
vt 0.375 0.609375
vt 0.375 0.546875
vt 0.3125 0.546875
vt 0.3125 0.609375
vt 0.3125 0.609375
vt 0.3125 0.671875
vt 0.3125 0.671875
vt 0.3125 0.671875
vt 0.3125 0.671875
vt 0.3125 0.609375
vt 0.3125 0.609375
vn 0.37984323600661796 0.31352379918498535 -0.8702999157788274
vn -0.6721543915549639 -0.5528390102108971 -0.4925215758750189
vn -0.37984323600661796 -0.31352379918498535 0.8702999157788274
vn 0.6721543915549639 0.5528390102108971 0.4925215758750189
vn 0.6355529796747057 -0.7720568995441002 -0.0007442398499817315
vn -0.6355529796747057 0.7720568995441002 0.0007442398499817315
usemtl m_51f8cd56-f876-8a0a-695a-6330ef33daaa
f 76/220/55 79/219/55 77/218/55 74/217/55
f 75/224/56 76/223/56 74/222/56 73/221/56
f 80/228/57 75/227/57 73/226/57 78/225/57
f 79/232/58 80/231/58 78/230/58 77/229/58
f 78/236/59 73/235/59 74/234/59 77/233/59
f 79/240/60 76/239/60 75/238/60 80/237/60
o cube
v -0.12715899479696624 0.21637302022645022 0.1261764049940841
v -0.07601346680361681 0.2963917530528305 -0.10508348639035348
v -0.19253364877203677 -0.006829312292267575 0.034487401423080155
v -0.1413881207786873 0.07318942053411281 -0.19677248996135743
v -0.07601346680361681 0.2963917530528305 -0.10508348639035348
v -0.12715899479696624 0.21637302022645022 0.1261764049940841
v -0.1413881207786873 0.07318942053411281 -0.19677248996135743
v -0.19253364877203677 -0.006829312292267575 0.034487401423080155
vt 0.1875 0.609375
vt 0.1875 0.609375
vt 0.1875 0.546875
vt 0.1875 0.546875
vt 0.125 0.609375
vt 0.1875 0.609375
vt 0.1875 0.546875
vt 0.125 0.546875
vt 0.25 0.609375
vt 0.25 0.609375
vt 0.25 0.546875
vt 0.25 0.546875
vt 0.1875 0.609375
vt 0.25 0.609375
vt 0.25 0.546875
vt 0.1875 0.546875
vt 0.1875 0.609375
vt 0.1875 0.609375
vt 0.1875 0.671875
vt 0.1875 0.671875
vt 0.1875 0.671875
vt 0.1875 0.671875
vt 0.1875 0.609375
vt 0.1875 0.609375
vn 0.20458211197339787 0.32007493130552145 -0.9250395655377505
vn 0.9432733608783517 -0.3169282860222895 0.09895366681549987
vn -0.20458211197339787 -0.32007493130552145 0.9250395655377505
vn -0.9432733608783517 0.3169282860222895 -0.09895366681549987
vn 0.261498615900282 0.892809330074871 0.36675601428401583
vn -0.261498615900282 -0.892809330074871 -0.36675601428401583
usemtl m_51f8cd56-f876-8a0a-695a-6330ef33daaa
f 84/244/61 87/243/61 85/242/61 82/241/61
f 83/248/62 84/247/62 82/246/62 81/245/62
f 88/252/63 83/251/63 81/250/63 86/249/63
f 87/256/64 88/255/64 86/254/64 85/253/64
f 86/260/65 81/259/65 82/258/65 85/257/65
f 87/264/66 84/263/66 83/262/66 88/261/66
o cube
v -0.052641439013611735 0.1425996695756211 0.12148664433404688
v 0.022523561125014968 0.14696277118494194 -0.11690627942525217
v -0.29107067670066855 0.14259966957562087 0.04631019445797879
v -0.21590567656204185 0.14696277118494172 -0.1920827293013203
v 0.022523561125014968 0.14696277118494194 -0.11690627942525217
v -0.052641439013611735 0.1425996695756211 0.12148664433404688
v -0.21590567656204185 0.14696277118494172 -0.1920827293013203
v -0.29107067670066855 0.14259966957562087 0.04631019445797879
vt 0.0625 0.65625
vt 0.0625 0.65625
vt 0.0625 0.59375
vt 0.0625 0.59375
vt 0 0.65625
vt 0.0625 0.65625
vt 0.0625 0.59375
vt 0 0.59375
vt 0.125 0.65625
vt 0.125 0.65625
vt 0.125 0.59375
vt 0.125 0.59375
vt 0.0625 0.65625
vt 0.125 0.65625
vt 0.125 0.59375
vt 0.0625 0.59375
vt 0.0625 0.65625
vt 0.0625 0.65625
vt 0.0625 0.71875
vt 0.0625 0.71875
vt 0.0625 0.71875
vt 0.0625 0.71875
vt 0.0625 0.65625
vt 0.0625 0.65625
vn 0.3006600005545069 0.017452406437283508 -0.9535716950371965
vn 0.005248039830997921 -0.9998476951563914 -0.01664465585058442
vn -0.3006600005545069 -0.017452406437283508 0.9535716950371965
vn -0.005248039830997921 0.9998476951563914 0.01664465585058442
vn 0.953716950748227 1.1214987272190058e-15 0.3007057995042727
vn -0.953716950748227 -1.1214987272190058e-15 -0.3007057995042727
usemtl m_51f8cd56-f876-8a0a-695a-6330ef33daaa
f 92/268/67 95/267/67 93/266/67 90/265/67
f 91/272/68 92/271/68 90/270/68 89/269/68
f 96/276/69 91/275/69 89/274/69 94/273/69
f 95/280/70 96/279/70 94/278/70 93/277/70
f 94/284/71 89/283/71 90/282/71 93/281/71
f 95/288/72 92/287/72 91/286/72 96/285/72
o cube
v -0.25500961677538325 0.05731068640125403 0.494839682369963
v -0.12124881614268362 0.03088273341305625 0.2852934785986878
v -0.38242330053687734 0.24503141001741913 0.3898316678408358
v -0.24866249990417766 0.21860345702922146 0.18028546406956059
v -0.12124881614268362 0.03088273341305625 0.2852934785986878
v -0.25500961677538325 0.05731068640125403 0.494839682369963
v -0.24866249990417766 0.21860345702922146 0.18028546406956059
v -0.38242330053687734 0.24503141001741913 0.3898316678408358
vt 0.3125 0.671875
vt 0.3125 0.671875
vt 0.3125 0.609375
vt 0.3125 0.609375
vt 0.25 0.671875
vt 0.3125 0.671875
vt 0.3125 0.609375
vt 0.25 0.609375
vt 0.375 0.671875
vt 0.375 0.671875
vt 0.375 0.609375
vt 0.375 0.609375
vt 0.3125 0.671875
vt 0.375 0.671875
vt 0.375 0.609375
vt 0.3125 0.609375
vt 0.3125 0.671875
vt 0.3125 0.671875
vt 0.3125 0.734375
vt 0.3125 0.734375
vt 0.3125 0.734375
vt 0.3125 0.734375
vt 0.3125 0.671875
vt 0.3125 0.671875
vn 0.5350432025307984 -0.1057118119527911 -0.8381848150851009
vn -0.6737809899891827 -0.6519201573920168 -0.34787826306793757
vn -0.5350432025307984 0.1057118119527911 0.8381848150851009
vn 0.6737809899891827 0.6519201573920168 0.34787826306793757
vn 0.5096547350459758 -0.7508828944646603 0.4200320581165087
vn -0.5096547350459758 0.7508828944646603 -0.4200320581165087
usemtl m_51f8cd56-f876-8a0a-695a-6330ef33daaa
f 100/292/73 103/291/73 101/290/73 98/289/73
f 99/296/74 100/295/74 98/294/74 97/293/74
f 104/300/75 99/299/75 97/298/75 102/297/75
f 103/304/76 104/303/76 102/302/76 101/301/76
f 102/308/77 97/307/77 98/306/77 101/305/77
f 103/312/78 100/311/78 99/310/78 104/309/78
o cube
v -0.29150420961079787 0.23426820491302824 0.48039325408664413
v -0.16237830529493724 0.2747306110940795 0.2701807555984457
v -0.34129381138462356 0.0011835323363962313 0.40494439084107803
v -0.21216790706876293 0.04164593851744747 0.19473189235287958
v -0.16237830529493724 0.2747306110940795 0.2701807555984457
v -0.29150420961079787 0.23426820491302824 0.48039325408664413
v -0.21216790706876293 0.04164593851744747 0.19473189235287958
v -0.34129381138462356 0.0011835323363962313 0.40494439084107803
vt 0.1875 0.671875
vt 0.1875 0.671875
vt 0.1875 0.609375
vt 0.1875 0.609375
vt 0.125 0.671875
vt 0.1875 0.671875
vt 0.1875 0.609375
vt 0.125 0.609375
vt 0.25 0.671875
vt 0.25 0.671875
vt 0.25 0.609375
vt 0.25 0.609375
vt 0.1875 0.671875
vt 0.25 0.671875
vt 0.25 0.609375
vt 0.1875 0.609375
vt 0.1875 0.671875
vt 0.1875 0.671875
vt 0.1875 0.734375
vt 0.1875 0.734375
vt 0.1875 0.734375
vt 0.1875 0.734375
vt 0.1875 0.671875
vt 0.1875 0.671875
vn 0.5165036172634424 0.16184962472420517 -0.8408499939527939
vn 0.8328024629148506 -0.32334078854073195 0.4493225926089368
vn -0.5165036172634424 -0.16184962472420517 0.8408499939527939
vn -0.8328024629148506 0.32334078854073195 -0.4493225926089368
vn 0.19915840709530278 0.932338690306528 0.30179545298226423
vn -0.19915840709530278 -0.932338690306528 -0.30179545298226423
usemtl m_51f8cd56-f876-8a0a-695a-6330ef33daaa
f 108/316/79 111/315/79 109/314/79 106/313/79
f 107/320/80 108/319/80 106/318/80 105/317/80
f 112/324/81 107/323/81 105/322/81 110/321/81
f 111/328/82 112/327/82 110/326/82 109/325/82
f 110/332/83 105/331/83 106/330/83 109/329/83
f 111/336/84 108/335/84 107/334/84 112/333/84
o cube
v -0.21814242057307953 0.17950073001195177 0.506052523155573
v -0.08384240179025548 0.17317948240594971 0.2952835814596091
v -0.4198297148893053 0.10273466102452589 0.3798415649799146
v -0.28552969610648127 0.09641341341852372 0.16907262328395056
v -0.08384240179025548 0.17317948240594971 0.2952835814596091
v -0.21814242057307953 0.17950073001195177 0.506052523155573
v -0.28552969610648127 0.09641341341852372 0.16907262328395056
v -0.4198297148893053 0.10273466102452589 0.3798415649799146
vt 0.0625 0.71875
vt 0.0625 0.71875
vt 0.0625 0.65625
vt 0.0625 0.65625
vt 0 0.71875
vt 0.0625 0.71875
vt 0.0625 0.65625
vt 0 0.65625
vt 0.125 0.71875
vt 0.125 0.71875
vt 0.125 0.65625
vt 0.125 0.65625
vt 0.0625 0.71875
vt 0.125 0.71875
vt 0.125 0.65625
vt 0.0625 0.65625
vt 0.0625 0.71875
vt 0.0625 0.71875
vt 0.0625 0.78125
vt 0.0625 0.78125
vt 0.0625 0.78125
vt 0.0625 0.78125
vt 0.0625 0.71875
vt 0.0625 0.71875
vn 0.5372000751312964 -0.02528499042400847 -0.8430757667838562
vn 0.24611347842272058 -0.9513528260822806 0.185353597332038
vn -0.5372000751312964 0.02528499042400847 0.8430757667838562
vn -0.24611347842272058 0.9513528260822806 -0.185353597332038
vn 0.8067491772649035 0.30706427594970404 0.5048438327026342
vn -0.8067491772649035 -0.30706427594970404 -0.5048438327026342
usemtl m_51f8cd56-f876-8a0a-695a-6330ef33daaa
f 116/340/85 119/339/85 117/338/85 114/337/85
f 115/344/86 116/343/86 114/342/86 113/341/86
f 120/348/87 115/347/87 113/346/87 118/345/87
f 119/352/88 120/351/88 118/350/88 117/349/88
f 118/356/89 113/355/89 114/354/89 117/353/89
f 119/360/90 116/359/90 115/358/90 120/357/90
o cube
v -0.12993992566754253 0.22714823412012097 0.26272395022922557
v -0.07356617556357237 0.23042056032711167 0.08392925740975132
v -0.12895591819923058 0.03967679127829771 0.25960307725724097
v -0.07258216809526047 0.04294911748528829 0.08080838443776672
v -0.25238810382886495 0.23042056032711167 0.027546920002700093
v -0.30876185393283506 0.22714823412012097 0.20634161282217445
v -0.25140409636055305 0.04294911748528829 0.024426047030715492
v -0.30777784646452316 0.03967679127829771 0.20322073985018974
vt 0.28125 0.859375
vt 0.328125 0.859375
vt 0.328125 0.8125
vt 0.28125 0.8125
vt 0.234375 0.859375
vt 0.28125 0.859375
vt 0.28125 0.8125
vt 0.234375 0.8125
vt 0.375 0.859375
vt 0.421875 0.859375
vt 0.421875 0.8125
vt 0.375 0.8125
vt 0.328125 0.859375
vt 0.375 0.859375
vt 0.375 0.8125
vt 0.328125 0.8125
vt 0.328125 0.859375
vt 0.28125 0.859375
vt 0.28125 0.90625
vt 0.328125 0.90625
vt 0.375 0.90625
vt 0.328125 0.90625
vt 0.328125 0.859375
vt 0.375 0.859375
vn 0.30066000055450737 0.017452406437283508 -0.9535716950371964
vn 0.9537169507482269 3.469446951953614e-18 0.3007057995042731
vn -0.30066000055450737 -0.017452406437283508 0.9535716950371964
vn -0.9537169507482269 -3.469446951953614e-18 -0.3007057995042731
vn -0.005248039830996861 0.9998476951563913 0.01664465585058475
vn 0.005248039830996861 -0.9998476951563913 -0.01664465585058475
usemtl m_51f8cd56-f876-8a0a-695a-6330ef33daaa
f 124/364/91 127/363/91 125/362/91 122/361/91
f 123/368/92 124/367/92 122/366/92 121/365/92
f 128/372/93 123/371/93 121/370/93 126/369/93
f 127/376/94 128/375/94 126/374/94 125/373/94
f 126/380/95 121/379/95 122/378/95 125/377/95
f 127/384/96 124/383/96 123/382/96 128/381/96