# Made in Blockbench 4.6.4
mtllib taffy.mtl

o cube
v 0.24969477035020238 0.2594761672185917 -0.24680876965145987
v -0.02747604429888978 0.2640759204367339 -0.3910704477821773
v 0.24751321954554195 0.009514243429493918 -0.25058732648442456
v -0.02965759510355026 0.014113996647636129 -0.394849004615142
v -0.14292342677425018 0.2617316276508683 -0.16933545692389623
v 0.13424738787484203 0.2571318744327262 -0.02507377879317879
v -0.14510497757891067 0.011769703861770564 -0.17311401375686092
v 0.1320658370701815 0.007169950643628464 -0.028852335626143477
vt 0.078125 0.78125
vt 0.140625 0.78125
vt 0.140625 0.71875
vt 0.078125 0.71875
vt 0 0.78125
vt 0.078125 0.78125
vt 0.078125 0.71875
vt 0 0.71875
vt 0.21875 0.78125
vt 0.28125 0.78125
vt 0.28125 0.71875
vt 0.21875 0.71875
vt 0.140625 0.78125
vt 0.21875 0.78125
vt 0.21875 0.71875
vt 0.140625 0.71875
vt 0.140625 0.78125
vt 0.078125 0.78125
vt 0.078125 0.859375
vt 0.140625 0.859375
vt 0.203125 0.859375
vt 0.140625 0.859375
vt 0.140625 0.78125
vt 0.203125 0.78125
vn -0.8869466068770953 0.014719210298054886 -0.46163737001829586
vn 0.4617895299014415 0.009377171143462051 -0.8869399634331242
vn 0.8869466068770953 -0.014719210298054886 0.46163737001829586
vn -0.4617895299014415 -0.009377171143462051 0.8869399634331242
vn 0.008726203218641992 0.9998476951563913 0.015114227331858705
vn -0.008726203218641992 -0.9998476951563913 -0.015114227331858705
usemtl m_51f8cd56-f876-8a0a-695a-6330ef33daaa
f 4/4/1 7/3/1 5/2/1 2/1/1
f 3/8/2 4/7/2 2/6/2 1/5/2
f 8/12/3 3/11/3 1/10/3 6/9/3
f 7/16/4 8/15/4 6/14/4 5/13/4
f 6/20/5 1/19/5 2/18/5 5/17/5
f 7/24/6 4/23/6 3/22/6 8/21/6
o cube
v -0.008437534027931959 0.0055569598640319295 -0.3225855978414779
v -0.20848307968962154 0.09993723635072371 -0.4390937223273371
v -0.019765104915475062 0.18974771001847712 -0.15392779726489497
v -0.21981065057716465 0.2841279865051689 -0.2704359217507542
v -0.20848307968962154 0.09993723635072371 -0.4390937223273371
v -0.008437534027931959 0.0055569598640319295 -0.3225855978414779
v -0.21981065057716465 0.2841279865051689 -0.2704359217507542
v -0.019765104915475062 0.18974771001847712 -0.15392779726489497
vt 0.4375 0.671875
vt 0.4375 0.671875
vt 0.4375 0.609375
vt 0.4375 0.609375
vt 0.375 0.671875
vt 0.4375 0.671875
vt 0.4375 0.609375
vt 0.375 0.609375
vt 0.5 0.671875
vt 0.5 0.671875
vt 0.5 0.609375
vt 0.5 0.609375
vt 0.4375 0.671875
vt 0.5 0.671875
vt 0.5 0.609375
vt 0.4375 0.609375
vt 0.4375 0.671875
vt 0.4375 0.671875
vt 0.4375 0.734375
vt 0.4375 0.734375
vt 0.4375 0.734375
vt 0.4375 0.734375
vt 0.4375 0.671875
vt 0.4375 0.671875
vn -0.8001821826467583 0.37752110594676724 -0.4660324979434369
vn -0.59804301917109 -0.5609439325684996 0.5724390375710883
vn 0.8001821826467583 -0.37752110594676724 0.4660324979434369
vn 0.59804301917109 0.5609439325684996 -0.5724390375710883
vn 0.04531028355017242 -0.736763000617781 -0.6746312023063318
vn -0.04531028355017242 0.736763000617781 0.6746312023063318
usemtl m_51f8cd56-f876-8a0a-695a-6330ef33daaa
f 12/28/7 15/27/7 13/26/7 10/25/7
f 11/32/8 12/31/8 10/30/8 9/29/8
f 16/36/9 11/35/9 9/34/9 14/33/9
f 15/40/10 16/39/10 14/38/10 13/37/10
f 14/44/11 9/43/11 10/42/11 13/41/11
f 15/48/12 12/47/12 11/46/12 16/45/12
o cube
v 0.027300483680559817 0.19973142455556014 -0.26617815882360196
v -0.15240871133195294 0.2971636912276362 -0.41009326796470685
v -0.1094168751536373 -0.007333624309070641 -0.23564245296816944
v -0.28912607016615 0.09009864236300547 -0.3795575621092744
v -0.15240871133195294 0.2971636912276362 -0.41009326796470685
v 0.027300483680559817 0.19973142455556014 -0.26617815882360196
v -0.28912607016615 0.09009864236300547 -0.3795575621092744
v -0.1094168751536373 -0.007333624309070641 -0.23564245296816944
vt 0.1875 0.546875
vt 0.1875 0.546875
vt 0.1875 0.484375
vt 0.1875 0.484375
vt 0.125 0.546875
vt 0.1875 0.546875
vt 0.1875 0.484375
vt 0.125 0.484375
vt 0.25 0.546875
vt 0.25 0.546875
vt 0.25 0.484375
vt 0.25 0.484375
vt 0.1875 0.546875
vt 0.25 0.546875
vt 0.25 0.484375
vt 0.1875 0.484375
vt 0.1875 0.546875
vt 0.1875 0.546875
vt 0.1875 0.609375
vt 0.1875 0.609375
vt 0.1875 0.609375
vt 0.1875 0.609375
vt 0.1875 0.546875
vt 0.1875 0.546875
vn -0.718836780050051 0.3897290666883041 -0.5756604365644196
vn 0.4291940171317596 -0.40261185178441145 -0.8085148065811968
vn 0.718836780050051 -0.3897290666883041 0.5756604365644196
vn -0.4291940171317596 0.40261185178441145 0.8085148065811968
vn 0.5468694353367884 0.8282601954585229 -0.12214282342173
vn -0.5468694353367884 -0.8282601954585229 0.12214282342173
usemtl m_51f8cd56-f876-8a0a-695a-6330ef33daaa
f 20/52/13 23/51/13 21/50/13 18/49/13
f 19/56/14 20/55/14 18/54/14 17/53/14
f 24/60/15 19/59/15 17/58/15 22/57/15
f 23/64/16 24/63/16 22/62/16 21/61/16
f 22/68/17 17/67/17 18/66/17 21/65/17
f 23/72/18 20/71/18 19/70/18 24/69/18
o cube
v 0.0481548137837613 0.1870316844150769 -0.35250743018981845
v -0.1609556159134975 0.10499755473998951 -0.4622490802606948
v -0.06729256869159894 0.18468739162921144 -0.13077243933153732
v -0.27640299838885785 0.10265326195412394 -0.24051408940241364
v -0.1609556159134975 0.10499755473998951 -0.4622490802606948
v 0.0481548137837613 0.1870316844150769 -0.35250743018981845
v -0.27640299838885785 0.10265326195412394 -0.24051408940241364
v -0.06729256869159894 0.18468739162921144 -0.13077243933153732
vt 0.4375 0.609375
vt 0.4375 0.609375
vt 0.4375 0.546875
vt 0.4375 0.546875
vt 0.375 0.609375
vt 0.4375 0.609375
vt 0.4375 0.546875
vt 0.375 0.546875
vt 0.5 0.609375
vt 0.5 0.609375
vt 0.5 0.546875
vt 0.5 0.546875
vt 0.4375 0.609375
vt 0.5 0.609375
vt 0.5 0.546875
vt 0.4375 0.546875
vt 0.4375 0.609375
vt 0.4375 0.609375
vt 0.4375 0.671875
vt 0.4375 0.671875
vt 0.4375 0.671875
vt 0.4375 0.671875
vt 0.4375 0.609375
vt 0.4375 0.609375
vn -0.8364417187890358 -0.3281365187003497 -0.43896660028350526
vn 0.2951536568342832 -0.9445837674640408 0.14368655156551385
vn 0.8364417187890358 0.3281365187003497 0.43896660028350526
vn -0.2951536568342832 0.9445837674640408 -0.14368655156551385
vn 0.46178952990144123 0.009377171143461926 -0.8869399634331246
vn -0.46178952990144123 -0.009377171143461926 0.8869399634331246
usemtl m_51f8cd56-f876-8a0a-695a-6330ef33daaa
f 28/76/19 31/75/19 29/74/19 26/73/19
f 27/80/20 28/79/20 26/78/20 25/77/20
f 32/84/21 27/83/21 25/82/21 30/81/21
f 31/88/22 32/87/22 30/86/22 29/85/22
f 30/92/23 25/91/23 26/90/23 29/89/23
f 31/96/24 28/95/24 27/94/24 32/93/24
o cube
v 0.39770878672088505 0.07679426122216859 -0.10430749788172688
v 0.1944706463123793 0.01527261744274755 -0.23625197722804336
v 0.27089961362608583 0.26290147170834666 0.0042445164895721366
v 0.0676614732175802 0.20137982792892561 -0.12769996285674434
v 0.1944706463123793 0.01527261744274755 -0.23625197722804336
v 0.39770878672088505 0.07679426122216859 -0.10430749788172688
v 0.0676614732175802 0.20137982792892561 -0.12769996285674434
v 0.27089961362608583 0.26290147170834666 0.0042445164895721366
vt 0.4375 0.8125
vt 0.4375 0.8125
vt 0.4375 0.75
vt 0.4375 0.75
vt 0.375 0.8125
vt 0.4375 0.8125
vt 0.4375 0.75
vt 0.375 0.75
vt 0.5 0.8125
vt 0.5 0.8125
vt 0.5 0.75
vt 0.5 0.75
vt 0.4375 0.8125
vt 0.5 0.8125
vt 0.5 0.75
vt 0.4375 0.75
vt 0.4375 0.8125
vt 0.4375 0.8125
vt 0.4375 0.875
vt 0.4375 0.875
vt 0.4375 0.875
vt 0.4375 0.875
vt 0.4375 0.8125
vt 0.4375 0.8125
vn -0.812952561634023 -0.24608657511768428 -0.527777917385266
vn -0.28604033008807095 -0.6206988777400063 0.7300094744148216
vn 0.812952561634023 0.24608657511768428 0.527777917385266
vn 0.28604033008807095 0.6206988777400063 -0.7300094744148216
vn 0.5072366923791968 -0.744428841944712 -0.4342080574851961
vn -0.5072366923791968 0.744428841944712 0.4342080574851961
usemtl m_51f8cd56-f876-8a0a-695a-6330ef33daaa
f 36/100/25 39/99/25 37/98/25 34/97/25
f 35/104/26 36/103/26 34/102/26 33/101/26
f 40/108/27 35/107/27 33/106/27 38/105/27
f 39/112/28 40/111/28 38/110/28 37/109/28
f 38/116/29 33/115/29 34/114/29 37/113/29
f 39/120/30 36/119/30 35/118/30 40/117/30
o cube
v 0.3220958272476331 0.2914470914743633 -0.10951194161876077
v 0.121318656812886 0.20946361285114634 -0.23387928888102671
v 0.34405160312557914 0.06871047629994809 0.0018718281425552652
v 0.14327443269083218 -0.01327300232326889 -0.12249551911971068
v 0.121318656812886 0.20946361285114634 -0.23387928888102671
v 0.3220958272476331 0.2914470914743633 -0.10951194161876077
v 0.14327443269083218 -0.01327300232326889 -0.12249551911971068
v 0.34405160312557914 0.06871047629994809 0.0018718281425552652
vt 0.4375 0.9375
vt 0.4375 0.9375
vt 0.4375 0.875
vt 0.4375 0.875
vt 0.375 0.9375
vt 0.4375 0.9375
vt 0.4375 0.875
vt 0.375 0.875
vt 0.5 0.9375
vt 0.5 0.9375
vt 0.5 0.875
vt 0.5 0.875
vt 0.4375 0.9375
vt 0.5 0.9375
vt 0.5 0.875
vt 0.4375 0.875
vt 0.4375 0.9375
vt 0.4375 0.9375
vt 0.4375 1
vt 0.4375 1
vt 0.4375 1
vt 0.4375 1
vt 0.4375 0.9375
vt 0.4375 0.9375
vn -0.8031086817389884 -0.32793391449286774 -0.4974693890490638
vn 0.5893246539938939 -0.31412378435211796 -0.7443270116684477
vn 0.8031086817389884 0.32793391449286774 0.4974693890490638
vn -0.5893246539938939 0.31412378435211796 0.7443270116684477
vn -0.08782310351178457 0.8909464606976609 -0.4455350790452641
vn 0.08782310351178457 -0.8909464606976609 0.4455350790452641
usemtl m_51f8cd56-f876-8a0a-695a-6330ef33daaa
f 44/124/31 47/123/31 45/122/31 42/121/31
f 43/128/32 44/127/32 42/126/32 41/125/32
f 48/132/33 43/131/33 41/130/33 46/129/33
f 47/136/34 48/135/34 46/134/34 45/133/34
f 46/140/35 41/139/35 42/138/35 45/137/35
f 47/144/36 44/143/36 43/142/36 48/141/36
o cube
v 0.40121920394154376 0.14387263384973048 -0.16913906743972357
v 0.17959843847228196 0.1366457480872295 -0.2846033841570288
v 0.2857718214661833 0.1415283410638647 0.052595923418557455
v 0.06415105599692139 0.13430145530136373 -0.06286839329874783
v 0.17959843847228196 0.1366457480872295 -0.2846033841570288
v 0.40121920394154376 0.14387263384973048 -0.16913906743972357
v 0.06415105599692139 0.13430145530136373 -0.06286839329874783
v 0.2857718214661833 0.1415283410638647 0.052595923418557455
vt 0.0625 0.59375
vt 0.0625 0.59375
vt 0.0625 0.53125
vt 0.0625 0.53125
vt 0 0.59375
vt 0.0625 0.59375
vt 0.0625 0.53125
vt 0 0.53125
vt 0.125 0.59375
vt 0.125 0.59375
vt 0.125 0.53125
vt 0.125 0.53125
vt 0.0625 0.59375
vt 0.125 0.59375
vt 0.125 0.53125
vt 0.0625 0.53125
vt 0.0625 0.59375
vt 0.0625 0.59375
vt 0.0625 0.65625
vt 0.0625 0.65625
vt 0.0625 0.65625
vt 0.0625 0.65625
vt 0.0625 0.59375
vt 0.0625 0.59375
vn -0.8864830618770475 -0.028907543050003887 -0.46185726686922113
vn 0.029970169810996736 -0.999538104634415 0.0050364973286646806
vn 0.8864830618770475 0.028907543050003887 0.46185726686922113
vn -0.029970169810996736 0.999538104634415 -0.0050364973286646806
vn 0.461789529901442 0.009377171143463175 -0.8869399634331242
vn -0.461789529901442 -0.009377171143463175 0.8869399634331242
usemtl m_51f8cd56-f876-8a0a-695a-6330ef33daaa
f 52/148/37 55/147/37 53/146/37 50/145/37
f 51/152/38 52/151/38 50/150/38 49/149/38
f 56/156/39 51/155/39 49/154/39 54/153/39
f 55/160/40 56/159/40 54/158/40 53/157/40
f 54/164/41 49/163/41 50/162/41 53/161/41
f 55/168/42 52/167/42 51/166/42 56/165/42
o cube
v 0.17955699076038134 0.22885784079034976 -0.24841655102443883
v 0.013254501970926036 0.2316176927212351 -0.3349735579028693
v 0.177920827656886 0.04138639794852639 -0.25125046864916234
v 0.011618338867430689 0.044146249879411736 -0.3378074755275928
v -0.07333103488559423 0.22985947313183597 -0.1686723147591585
v 0.09297145390386108 0.22709962120095062 -0.08211530788072802
v -0.07496719798908963 0.04238803029001259 -0.17150623238388202
v 0.09133529080036573 0.03962817835912724 -0.08494922550545153
vt 0.28125 0.71875
vt 0.328125 0.71875
vt 0.328125 0.671875
vt 0.28125 0.671875
vt 0.234375 0.71875
vt 0.28125 0.71875
vt 0.28125 0.671875
vt 0.234375 0.671875
vt 0.375 0.71875
vt 0.421875 0.71875
vt 0.421875 0.671875
vt 0.375 0.671875
vt 0.328125 0.71875
vt 0.375 0.71875
vt 0.375 0.671875
vt 0.328125 0.671875
vt 0.328125 0.71875
vt 0.28125 0.71875
vt 0.28125 0.765625
vt 0.328125 0.765625
vt 0.375 0.765625
vt 0.328125 0.765625
vt 0.328125 0.71875
vt 0.375 0.71875
vn -0.8869466068770953 0.014719210298054886 -0.46163737001829586
vn 0.4617895299014415 0.009377171143462051 -0.8869399634331242
vn 0.8869466068770953 -0.014719210298054886 0.46163737001829586
vn -0.4617895299014415 -0.009377171143462051 0.8869399634331242
vn 0.008726203218641992 0.9998476951563913 0.015114227331858705
vn -0.008726203218641992 -0.9998476951563913 -0.015114227331858705
usemtl m_51f8cd56-f876-8a0a-695a-6330ef33daaa
f 60/172/43 63/171/43 61/170/43 58/169/43
f 59/176/44 60/175/44 58/174/44 57/173/44
f 64/180/45 59/179/45 57/178/45 62/177/45
f 63/184/46 64/183/46 62/182/46 61/181/46
f 62/188/47 57/187/47 58/186/47 61/185/47
f 63/192/48 60/191/48 59/190/48 64/189/48
o cube
v -0.1695688441794005 0.25341446454596306 0.4051847770550224
v 0.12407638711803792 0.25673457450921355 0.2983311154139453
v -0.16825683422165127 0.0034525407568652966 0.40102361309237633
v 0.1253883970757872 0.0067726507201157915 0.2941699514512991
v 0.038562267599176914 0.2601960557449984 0.06343676999335357
v -0.2550829636982615 0.2568759457817479 0.1702904316344307
v 0.039874277556926074 0.010234131955900505 0.05927560603070736
v -0.25377095374051234 0.006914021992650121 0.1661292676717846
vt 0.078125 0.921875
vt 0.140625 0.921875
vt 0.140625 0.859375
vt 0.078125 0.859375
vt 0 0.921875
vt 0.078125 0.921875
vt 0.078125 0.859375
vt 0 0.859375
vt 0.21875 0.921875
vt 0.28125 0.921875
vt 0.28125 0.859375
vt 0.21875 0.859375
vt 0.140625 0.921875
vt 0.21875 0.921875
vt 0.21875 0.859375
vt 0.140625 0.859375
vt 0.140625 0.921875
vt 0.078125 0.921875
vt 0.078125 1
vt 0.140625 1
vt 0.203125 1
vt 0.140625 1
vt 0.140625 0.921875
vt 0.203125 0.921875
vn 0.939664740151803 0.010624351882401486 -0.34193171725144694
vn 0.34205647807544426 -0.013845924943139139 0.9395773816823668
vn -0.939664740151803 -0.010624351882401486 0.34193171725144694
vn -0.34205647807544426 0.013845924943139139 -0.9395773816823668
vn -0.005248039830996703 0.9998476951563913 0.01664465585058468
vn 0.005248039830996703 -0.9998476951563913 -0.01664465585058468
usemtl m_51f8cd56-f876-8a0a-695a-6330ef33daaa
f 68/196/49 71/195/49 69/194/49 66/193/49
f 67/200/50 68/199/50 66/198/50 65/197/50
f 72/204/51 67/203/51 65/202/51 70/201/51
f 71/208/52 72/207/52 70/206/52 69/205/52
f 70/212/53 65/211/53 66/210/53 69/209/53
f 71/216/54 68/215/54 67/214/54 72/213/54
o cube
v 0.04321069754847595 0.004361291303541903 0.25824467300805465
v 0.2744892983915861 0.08077323218850219 0.20192927473860545
v -0.051511117213187685 0.19977727164899117 0.134388415863395
v 0.17976748362992245 0.27618921253395134 0.07807301759394591
v 0.2744892983915861 0.08077323218850219 0.20192927473860545
v 0.04321069754847595 0.004361291303541903 0.25824467300805465
v 0.17976748362992245 0.27618921253395134 0.07807301759394591
v -0.051511117213187685 0.19977727164899117 0.134388415863395
vt 0.3125 0.609375
vt 0.3125 0.609375
vt 0.3125 0.546875
vt 0.3125 0.546875
vt 0.25 0.609375
vt 0.3125 0.609375
vt 0.3125 0.546875
vt 0.25 0.546875
vt 0.375 0.609375
vt 0.375 0.609375
vt 0.375 0.546875
vt 0.375 0.546875
vt 0.3125 0.609375
vt 0.375 0.609375
vt 0.375 0.546875
vt 0.3125 0.546875
vt 0.3125 0.609375
vt 0.3125 0.609375
vt 0.3125 0.671875
vt 0.3125 0.671875
vt 0.3125 0.671875
vt 0.3125 0.671875
vt 0.3125 0.609375
vt 0.3125 0.609375
vn 0.9251144033724406 0.30564776353984086 -0.22526159307779653
vn -0.0246533081951785 -0.543673577299031 -0.8389345956282338
vn -0.9251144033724406 -0.30564776353984086 0.22526159307779653
vn 0.0246533081951785 0.543673577299031 0.8389345956282338
vn 0.3788872590466547 -0.781663921381797 0.4954250285786388
vn -0.3788872590466547 0.781663921381797 -0.4954250285786388
usemtl m_51f8cd56-f876-8a0a-695a-6330ef33daaa
f 76/220/55 79/219/55 77/218/55 74/217/55
f 75/224/56 76/223/56 74/222/56 73/221/56
f 80/228/57 75/227/57 73/226/57 78/225/57
f 79/232/58 80/231/58 78/230/58 77/229/58
f 78/236/59 73/235/59 74/234/59 77/233/59
f 79/240/60 76/239/60 75/238/60 80/237/60
o cube
v -0.011473656784829478 0.2121290259305849 0.27288323557607663
v 0.20400546879856207 0.2908149637552493 0.17349878193029744
v 0.018972712379836443 -0.01026445991775582 0.16281890867170323
v 0.23445183796322788 0.06842147790690856 0.06343445502592404
v 0.20400546879856207 0.2908149637552493 0.17349878193029744
v -0.011473656784829478 0.2121290259305849 0.27288323557607663
v 0.23445183796322788 0.06842147790690856 0.06343445502592404
v 0.018972712379836443 -0.01026445991775582 0.16281890867170323
vt 0.1875 0.609375
vt 0.1875 0.609375
vt 0.1875 0.546875
vt 0.1875 0.546875
vt 0.125 0.609375
vt 0.1875 0.609375
vt 0.1875 0.546875
vt 0.125 0.546875
vt 0.25 0.609375
vt 0.25 0.609375
vt 0.25 0.546875
vt 0.25 0.546875
vt 0.1875 0.609375
vt 0.25 0.609375
vt 0.25 0.546875
vt 0.1875 0.546875
vt 0.1875 0.609375
vt 0.1875 0.609375
vt 0.1875 0.671875
vt 0.1875 0.671875
vt 0.1875 0.671875
vt 0.1875 0.671875
vt 0.1875 0.609375
vt 0.1875 0.609375
vn 0.8619165023335663 0.3147437512986575 -0.39753781458311666
vn 0.4922075179028596 -0.3310507064696145 0.805069679633928
vn -0.8619165023335663 -0.3147437512986575 0.39753781458311666
vn -0.4922075179028596 0.3310507064696145 -0.805069679633928
vn -0.12178547665866352 0.889573943393363 0.4402573076174935
vn 0.12178547665866352 -0.889573943393363 -0.4402573076174935
usemtl m_51f8cd56-f876-8a0a-695a-6330ef33daaa
f 84/244/61 87/243/61 85/242/61 82/241/61
f 83/248/62 84/247/62 82/246/62 81/245/62
f 88/252/63 83/251/63 81/250/63 86/249/63
f 87/256/64 88/255/64 86/254/64 85/253/64
f 86/260/65 81/259/65 82/258/65 85/257/65
f 87/264/66 84/263/66 83/262/66 88/261/66
o cube
v 0.03678805782965444 0.13721646731555426 0.32834748266772706
v 0.2717042428676051 0.1398725552861546 0.24286455335486523
v -0.04872606168920668 0.14067794855133875 0.09345313724713544
v 0.18619012334874396 0.1433340365219391 0.00797020793427361
v 0.2717042428676051 0.1398725552861546 0.24286455335486523
v 0.03678805782965444 0.13721646731555426 0.32834748266772706
v 0.18619012334874396 0.1433340365219391 0.00797020793427361
v -0.04872606168920668 0.14067794855133875 0.09345313724713544
vt 0.0625 0.65625
vt 0.0625 0.65625
vt 0.0625 0.59375
vt 0.0625 0.59375
vt 0 0.65625
vt 0.0625 0.65625
vt 0.0625 0.59375
vt 0 0.59375
vt 0.125 0.65625
vt 0.125 0.65625
vt 0.125 0.59375
vt 0.125 0.59375
vt 0.0625 0.65625
vt 0.125 0.65625
vt 0.125 0.59375
vt 0.0625 0.59375
vt 0.0625 0.65625
vt 0.0625 0.65625
vt 0.0625 0.71875
vt 0.0625 0.71875
vt 0.0625 0.71875
vt 0.0625 0.71875
vt 0.0625 0.65625
vt 0.0625 0.65625
vn 0.9396647401518029 0.010624351882401493 -0.34193171725144744
vn 0.005248039830997083 -0.9998476951563914 -0.01664465585058364
vn -0.9396647401518029 -0.010624351882401493 0.34193171725144744
vn -0.005248039830997083 0.9998476951563914 0.01664465585058364
vn 0.3420564780754447 -0.013845924943138025 0.9395773816823668
vn -0.3420564780754447 0.013845924943138025 -0.9395773816823668
usemtl m_51f8cd56-f876-8a0a-695a-6330ef33daaa
f 92/268/67 95/267/67 93/266/67 90/265/67
f 91/272/68 92/271/68 90/270/68 89/269/68
f 96/276/69 91/275/69 89/274/69 94/273/69
f 95/280/70 96/279/70 94/278/70 93/277/70
f 94/284/71 89/283/71 90/282/71 93/281/71
f 95/288/72 92/287/72 91/286/72 96/285/72
o cube
v -0.3835277476317933 0.055901827005604976 0.3942423533538697
v -0.13616659695600708 0.026944191327509137 0.3724727306588015
v -0.3757008037787791 0.24529775552378452 0.23124566255722068
v -0.1283396531029929 0.21634011984568868 0.20947603986215246
v -0.13616659695600708 0.026944191327509137 0.3724727306588015
v -0.3835277476317933 0.055901827005604976 0.3942423533538697
v -0.1283396531029929 0.21634011984568868 0.20947603986215246
v -0.3757008037787791 0.24529775552378452 0.23124566255722068
vt 0.3125 0.671875
vt 0.3125 0.671875
vt 0.3125 0.609375
vt 0.3125 0.609375
vt 0.25 0.671875
vt 0.3125 0.671875
vt 0.3125 0.609375
vt 0.25 0.609375
vt 0.375 0.671875
vt 0.375 0.671875
vt 0.375 0.609375
vt 0.375 0.609375
vt 0.3125 0.671875
vt 0.375 0.671875
vt 0.375 0.609375
vt 0.3125 0.609375
vt 0.3125 0.671875
vt 0.3125 0.671875
vt 0.3125 0.734375
vt 0.3125 0.734375
vt 0.3125 0.734375
vt 0.3125 0.734375
vt 0.3125 0.671875
vt 0.3125 0.671875
vn 0.9894446027031452 -0.11583054271238348 -0.08707849078027316
vn -0.14148922708235978 -0.6423785500363016 -0.7532135136021495
vn -0.9894446027031452 0.11583054271238348 0.08707849078027316
vn 0.14148922708235978 0.6423785500363016 0.7532135136021495
vn -0.031307775412056954 -0.7575837140727179 0.6519867631865962
vn 0.031307775412056954 0.7575837140727179 -0.6519867631865962
usemtl m_51f8cd56-f876-8a0a-695a-6330ef33daaa
f 100/292/73 103/291/73 101/290/73 98/289/73
f 99/296/74 100/295/74 98/294/74 97/293/74
f 104/300/75 99/299/75 97/298/75 102/297/75
f 103/304/76 104/303/76 102/302/76 101/301/76
f 102/308/77 97/307/77 98/306/77 101/305/77
f 103/312/78 100/311/78 99/310/78 104/309/78
o cube
v -0.39231131069612324 0.23336118044898024 0.35838785782587756
v -0.14649723398225006 0.2713550880878792 0.3332501834777428
v -0.36537016675253614 0.0008868587634146552 0.27046820973827945
v -0.11955609003866297 0.03888076640231364 0.2453305353901447
v -0.14649723398225006 0.2713550880878792 0.3332501834777428
v -0.39231131069612324 0.23336118044898024 0.35838785782587756
v -0.11955609003866297 0.03888076640231364 0.2453305353901447
v -0.36537016675253614 0.0008868587634146552 0.27046820973827945
vt 0.1875 0.671875
vt 0.1875 0.671875
vt 0.1875 0.609375
vt 0.1875 0.609375
vt 0.125 0.671875
vt 0.1875 0.671875
vt 0.1875 0.609375
vt 0.125 0.609375
vt 0.25 0.671875
vt 0.25 0.671875
vt 0.25 0.609375
vt 0.25 0.609375
vt 0.1875 0.671875
vt 0.25 0.671875
vt 0.25 0.609375
vt 0.1875 0.609375
vt 0.1875 0.671875
vt 0.1875 0.671875
vt 0.1875 0.734375
vt 0.1875 0.734375
vt 0.1875 0.734375
vt 0.1875 0.734375
vt 0.1875 0.671875
vt 0.1875 0.671875
vn 0.983256306855493 0.15197563055559593 -0.10055069739253877
vn 0.1469483965107194 -0.3349543906662634 0.9307049612720031
vn -0.983256306855493 -0.15197563055559593 0.10055069739253877
vn -0.1469483965107194 0.3349543906662634 -0.9307049612720031
vn -0.10776457577434846 0.9298972867422624 0.3516785923503925
vn 0.10776457577434846 -0.9298972867422624 -0.3516785923503925
usemtl m_51f8cd56-f876-8a0a-695a-6330ef33daaa
f 108/316/79 111/315/79 109/314/79 106/313/79
f 107/320/80 108/319/80 106/318/80 105/317/80
f 112/324/81 107/323/81 105/322/81 110/321/81
f 111/328/82 112/327/82 110/326/82 109/325/82
f 110/332/83 105/331/83 106/330/83 109/329/83
f 111/336/84 108/335/84 107/334/84 112/333/84
o cube
v -0.36861611216549284 0.17754111147000473 0.43161684083658747
v -0.11973250980345662 0.16867668737492236 0.4097450676858274
v -0.3921348909313296 0.1035652594763713 0.19397332553019497
v -0.14325128856929337 0.09470083538128893 0.1721015523794348
v -0.11973250980345662 0.16867668737492236 0.4097450676858274
v -0.36861611216549284 0.17754111147000473 0.43161684083658747
v -0.14325128856929337 0.09470083538128893 0.1721015523794348
v -0.3921348909313296 0.1035652594763713 0.19397332553019497
vt 0.0625 0.71875
vt 0.0625 0.71875
vt 0.0625 0.65625
vt 0.0625 0.65625
vt 0 0.71875
vt 0.0625 0.71875
vt 0.0625 0.65625
vt 0 0.65625
vt 0.125 0.71875
vt 0.125 0.71875
vt 0.125 0.65625
vt 0.125 0.65625
vt 0.0625 0.71875
vt 0.125 0.71875
vt 0.125 0.65625
vt 0.0625 0.65625
vt 0.0625 0.71875
vt 0.0625 0.71875
vt 0.0625 0.78125
vt 0.0625 0.78125
vt 0.0625 0.78125
vt 0.0625 0.78125
vt 0.0625 0.71875
vt 0.0625 0.71875
vn 0.9955344094481454 -0.03545769638032941 -0.08748709260304047
vn -0.007817437594929671 -0.9545595449821123 0.2979177113784817
vn -0.9955344094481454 0.03545769638032941 0.08748709260304047
vn 0.007817437594929671 0.9545595449821123 -0.2979177113784817
vn 0.09407511506334722 0.2959034079745337 0.9505740612255706
vn -0.09407511506334722 -0.2959034079745337 -0.9505740612255706
usemtl m_51f8cd56-f876-8a0a-695a-6330ef33daaa
f 116/340/85 119/339/85 117/338/85 114/337/85
f 115/344/86 116/343/86 114/342/86 113/341/86
f 120/348/87 115/347/87 113/346/87 118/345/87
f 119/352/88 120/351/88 118/350/88 117/349/88
f 118/356/89 113/355/89 114/354/89 117/353/89
f 119/360/90 116/359/90 115/358/90 120/357/90
o cube
v -0.12136506161505178 0.22326593121944915 0.35393210605390224
v 0.054822077163411365 0.22525799719739936 0.2898199090692559
v -0.12038105414673983 0.035794488377625666 0.35081123308191764
v 0.05580608463172321 0.037786554355575985 0.2866990360972713
v -0.009313512475734476 0.227854108124238 0.11364915000381215
v -0.18550065125419757 0.2258620421462877 0.17776134698845847
v -0.008329505007422577 0.04038266528241463 0.11052827703182755
v -0.18451664378588561 0.03839059930446431 0.17464047401647387
vt 0.28125 0.859375
vt 0.328125 0.859375
vt 0.328125 0.8125
vt 0.28125 0.8125
vt 0.234375 0.859375
vt 0.28125 0.859375
vt 0.28125 0.8125
vt 0.234375 0.8125
vt 0.375 0.859375
vt 0.421875 0.859375
vt 0.421875 0.8125
vt 0.375 0.8125
vt 0.328125 0.859375
vt 0.375 0.859375
vt 0.375 0.8125
vt 0.328125 0.8125
vt 0.328125 0.859375
vt 0.28125 0.859375
vt 0.28125 0.90625
vt 0.328125 0.90625
vt 0.375 0.90625
vt 0.328125 0.90625
vt 0.328125 0.859375
vt 0.375 0.859375
vn 0.939664740151803 0.010624351882401486 -0.34193171725144694
vn 0.34205647807544426 -0.013845924943139139 0.9395773816823668
vn -0.939664740151803 -0.010624351882401486 0.34193171725144694
vn -0.34205647807544426 0.013845924943139139 -0.9395773816823668
vn -0.005248039830996703 0.9998476951563913 0.01664465585058468
vn 0.005248039830996703 -0.9998476951563913 -0.01664465585058468
usemtl m_51f8cd56-f876-8a0a-695a-6330ef33daaa
f 124/364/91 127/363/91 125/362/91 122/361/91
f 123/368/92 124/367/92 122/366/92 121/365/92
f 128/372/93 123/371/93 121/370/93 126/369/93
f 127/376/94 128/375/94 126/374/94 125/373/94
f 126/380/95 121/379/95 122/378/95 125/377/95
f 127/384/96 124/383/96 123/382/96 128/381/96