# Blender 3.6.1
# www.blender.org
mtllib taffy.mtl
o cube
v 0.527300 0.199731 0.233822
v 0.347591 0.297164 0.089907
v 0.390583 -0.007334 0.264358
v 0.210874 0.090099 0.120442
v 0.347591 0.297164 0.089907
v 0.527300 0.199731 0.233822
v 0.210874 0.090099 0.120442
v 0.390583 -0.007334 0.264358
vn -0.0000 -0.0000 -1.0000
vn -0.7188 0.3898 -0.5756
vn -0.7188 0.3897 -0.5757
vn 0.4292 -0.4026 -0.8085
vn -0.0000 -0.0000 1.0000
vn 0.7188 -0.3897 0.5757
vn -0.4292 0.4026 0.8085
vn 0.5469 0.8282 -0.1221
vn 0.5469 0.8282 -0.1222
vn -0.5469 -0.8282 0.1221
vn -0.5469 -0.8282 0.1222
vt 0.187500 0.484375
vt 0.187500 0.546875
vt 0.125000 0.484375
vt 0.125000 0.546875
vt 0.250000 0.484375
vt 0.250000 0.546875
vt 0.187500 0.609375
s 0
usemtl m_51f8cd56-f876-8a0a-695a-6330ef33daaa
f 4/1/1 7/1/2 5/2/1 2/2/3
f 3/3/4 4/1/4 2/2/4 1/4/4
f 8/5/5 3/5/6 1/6/5 6/6/6
f 7/1/7 8/5/7 6/6/7 5/2/7
f 6/7/1 1/7/8 2/2/1 5/2/9
f 7/2/5 4/2/10 3/7/5 8/7/11
o cube.001
v 0.548155 0.187032 0.147493
v 0.339044 0.104998 0.037751
v 0.432707 0.184687 0.369228
v 0.223597 0.102653 0.259486
v 0.339044 0.104998 0.037751
v 0.548155 0.187032 0.147493
v 0.223597 0.102653 0.259486
v 0.432707 0.184687 0.369228
vn -0.0000 -0.0000 -1.0000
vn -0.8364 -0.3282 -0.4390
vn -0.8364 -0.3281 -0.4390
vn 0.2952 -0.9446 0.1437
vn -0.0000 -0.0000 1.0000
vn 0.8364 0.3281 0.4390
vn 0.8364 0.3282 0.4390
vn -0.2952 0.9446 -0.1437
vn 0.4618 0.0094 -0.8869
vn -0.4618 -0.0094 0.8869
vt 0.437500 0.546875
vt 0.437500 0.609375
vt 0.375000 0.546875
vt 0.375000 0.609375
vt 0.500000 0.546875
vt 0.500000 0.609375
vt 0.437500 0.671875
s 0
usemtl m_51f8cd56-f876-8a0a-695a-6330ef33daaa
f 12/8/12 15/8/13 13/9/12 10/9/14
f 11/10/15 12/8/15 10/9/15 9/11/15
f 16/12/16 11/12/17 9/13/16 14/13/18
f 15/8/19 16/12/19 14/13/19 13/9/19
f 14/14/12 9/14/20 10/9/12 13/9/20
f 15/9/16 12/9/21 11/14/16 16/14/21
o cube.002
v 0.491562 0.005557 0.177414
v 0.291517 0.099937 0.060906
v 0.480235 0.189748 0.346072
v 0.280189 0.284128 0.229564
v 0.291517 0.099937 0.060906
v 0.491562 0.005557 0.177414
v 0.280189 0.284128 0.229564
v 0.480235 0.189748 0.346072
vn -0.0000 -0.0000 -1.0000
vn -0.8001 0.3775 -0.4661
vn -0.8002 0.3775 -0.4660
vn -0.5980 -0.5609 0.5724
vn -0.0000 -0.0000 1.0000
vn 0.8002 -0.3775 0.4660
vn 0.8002 -0.3776 0.4660
vn 0.5980 0.5609 -0.5724
vn 0.0453 -0.7368 -0.6746
vn -0.0453 0.7368 0.6746
vt 0.437500 0.609375
vt 0.437500 0.671875
vt 0.375000 0.609375
vt 0.375000 0.671875
vt 0.500000 0.609375
vt 0.500000 0.671875
vt 0.437500 0.734375
s 0
usemtl m_51f8cd56-f876-8a0a-695a-6330ef33daaa
f 20/15/22 23/15/23 21/16/22 18/16/24
f 19/17/25 20/15/25 18/16/25 17/18/25
f 24/19/26 19/19/27 17/20/26 22/20/28
f 23/15/29 24/19/29 22/20/29 21/16/29
f 22/21/22 17/21/30 18/16/22 21/16/30
f 23/16/26 20/16/31 19/21/26 24/21/31
o cube.003
v 0.897709 0.076794 0.395692
v 0.694471 0.015273 0.263748
v 0.770900 0.262901 0.504245
v 0.567661 0.201380 0.372300
v 0.694471 0.015273 0.263748
v 0.897709 0.076794 0.395692
v 0.567661 0.201380 0.372300
v 0.770900 0.262901 0.504245
vn -0.0000 -0.0000 -1.0000
vn -0.8129 -0.2461 -0.5278
vn -0.2860 -0.6207 0.7300
vn -0.0000 -0.0000 1.0000
vn 0.8129 0.2461 0.5278
vn 0.2860 0.6207 -0.7300
vn 0.5072 -0.7444 -0.4342
vn 0.5073 -0.7444 -0.4341
vn -0.5072 0.7444 0.4342
vn -0.5073 0.7444 0.4342
vt 0.437500 0.750000
vt 0.437500 0.812500
vt 0.375000 0.750000
vt 0.375000 0.812500
vt 0.500000 0.750000
vt 0.500000 0.812500
vt 0.437500 0.875000
s 0
usemtl m_51f8cd56-f876-8a0a-695a-6330ef33daaa
f 28/22/32 31/22/33 29/23/32 26/23/33
f 27/24/34 28/22/34 26/23/34 25/25/34
f 32/26/35 27/26/36 25/27/35 30/27/36
f 31/22/37 32/26/37 30/27/37 29/23/37
f 30/28/32 25/28/38 26/23/32 29/23/39
f 31/23/35 28/23/40 27/28/35 32/28/41
o cube.004
v 0.822096 0.291447 0.390488
v 0.621319 0.209464 0.266121
v 0.844052 0.068710 0.501872
v 0.643274 -0.013273 0.377504
v 0.621319 0.209464 0.266121
v 0.822096 0.291447 0.390488
v 0.643274 -0.013273 0.377504
v 0.844052 0.068710 0.501872
vn -0.0000 -0.0000 -1.0000
vn -0.8031 -0.3279 -0.4975
vn 0.5893 -0.3141 -0.7443
vn -0.0000 -0.0000 1.0000
vn 0.8031 0.3279 0.4975
vn -0.5893 0.3141 0.7443
vn -0.0878 0.8909 -0.4456
vn -0.0878 0.8910 -0.4455
vn 0.0878 -0.8909 0.4455
vt 0.437500 0.875000
vt 0.437500 0.937500
vt 0.375000 0.875000
vt 0.375000 0.937500
vt 0.500000 0.875000
vt 0.500000 0.937500
vt 0.437500 1.000000
s 0
usemtl m_51f8cd56-f876-8a0a-695a-6330ef33daaa
f 36/29/42 39/29/43 37/30/42 34/30/43
f 35/31/44 36/29/44 34/30/44 33/32/44
f 40/33/45 35/33/46 33/34/45 38/34/46
f 39/29/47 40/33/47 38/34/47 37/30/47
f 38/35/42 33/35/48 34/30/42 37/30/49
f 39/30/45 36/30/50 35/35/45 40/35/50
o cube.005
v 0.901219 0.143873 0.330861
v 0.679598 0.136646 0.215397
v 0.785772 0.141528 0.552596
v 0.564151 0.134301 0.437132
v 0.679598 0.136646 0.215397
v 0.901219 0.143873 0.330861
v 0.564151 0.134301 0.437132
v 0.785772 0.141528 0.552596
vn -0.0000 -0.0000 -1.0000
vn -0.8865 -0.0289 -0.4619
vn -0.8867 -0.0180 -0.4619
vn 0.0300 -0.9995 0.0050
vn -0.0000 -0.0000 1.0000
vn 0.8868 0.0180 0.4619
vn 0.8865 0.0289 0.4618
vn -0.0300 0.9995 -0.0050
vn 0.4618 0.0094 -0.8869
vn 0.4616 0.0151 -0.8870
vn -0.4618 -0.0094 0.8869
vn -0.4617 -0.0151 0.8869
vt 0.062500 0.531250
vt 0.062500 0.593750
vt 0.000000 0.531250
vt 0.000000 0.593750
vt 0.125000 0.531250
vt 0.125000 0.593750
vt 0.062500 0.656250
s 0
usemtl m_51f8cd56-f876-8a0a-695a-6330ef33daaa
f 44/36/51 47/36/52 45/37/51 42/37/53
f 43/38/54 44/36/54 42/37/54 41/39/54
f 48/40/55 43/40/56 41/41/55 46/41/57
f 47/36/58 48/40/58 46/41/58 45/37/58
f 46/42/51 41/42/59 42/37/51 45/37/60
f 47/37/55 44/37/61 43/42/55 48/42/62
o cube.006
v 0.749695 0.259476 0.253191
v 0.472524 0.264076 0.108930
v 0.747513 0.009514 0.249413
v 0.470342 0.014114 0.105151
v 0.357077 0.261732 0.330665
v 0.634247 0.257132 0.474926
v 0.354895 0.011770 0.326886
v 0.632066 0.007170 0.471148
vn -0.8869 0.0147 -0.4616
vn 0.4618 0.0094 -0.8869
vn 0.8869 -0.0147 0.4616
vn -0.4618 -0.0094 0.8869
vn 0.0087 0.9998 0.0151
vn -0.0087 -0.9998 -0.0151
vt 0.078125 0.718750
vt 0.140625 0.718750
vt 0.140625 0.781250
vt 0.078125 0.781250
vt 0.000000 0.718750
vt 0.000000 0.781250
vt 0.218750 0.718750
vt 0.281250 0.718750
vt 0.281250 0.781250
vt 0.218750 0.781250
vt 0.140625 0.859375
vt 0.078125 0.859375
vt 0.203125 0.781250
vt 0.203125 0.859375
s 0
usemtl m_51f8cd56-f876-8a0a-695a-6330ef33daaa
f 52/43/63 55/44/63 53/45/63 50/46/63
f 51/47/64 52/43/64 50/46/64 49/48/64
f 56/49/65 51/50/65 49/51/65 54/52/65
f 55/44/66 56/49/66 54/52/66 53/45/66
f 54/53/67 49/54/67 50/46/67 53/45/67
f 55/55/68 52/45/68 51/53/68 56/56/68
o cube.007
v 0.679557 0.228858 0.251583
v 0.513255 0.231618 0.165026
v 0.677921 0.041386 0.248750
v 0.511618 0.044146 0.162193
v 0.426669 0.229859 0.331328
v 0.592971 0.227100 0.417885
v 0.425033 0.042388 0.328494
v 0.591335 0.039628 0.415051
vn -0.8869 0.0147 -0.4616
vn 0.4618 0.0094 -0.8869
vn 0.8869 -0.0147 0.4616
vn -0.4618 -0.0094 0.8869
vn 0.0087 0.9998 0.0151
vn -0.0087 -0.9998 -0.0151
vt 0.281250 0.671875
vt 0.328125 0.671875
vt 0.328125 0.718750
vt 0.281250 0.718750
vt 0.234375 0.671875
vt 0.234375 0.718750
vt 0.375000 0.671875
vt 0.421875 0.671875
vt 0.421875 0.718750
vt 0.375000 0.718750
vt 0.328125 0.765625
vt 0.281250 0.765625
vt 0.375000 0.765625
s 0
usemtl m_51f8cd56-f876-8a0a-695a-6330ef33daaa
f 60/57/69 63/58/69 61/59/69 58/60/69
f 59/61/70 60/57/70 58/60/70 57/62/70
f 64/63/71 59/64/71 57/65/71 62/66/71
f 63/58/72 64/63/72 62/66/72 61/59/72
f 62/67/73 57/68/73 58/60/73 61/59/73
f 63/66/74 60/59/74 59/67/74 64/69/74
o cube.008
v 0.543211 0.004361 0.758245
v 0.774489 0.080773 0.701929
v 0.448489 0.199777 0.634388
v 0.679767 0.276189 0.578073
v 0.774489 0.080773 0.701929
v 0.543211 0.004361 0.758245
v 0.679767 0.276189 0.578073
v 0.448489 0.199777 0.634388
vn -0.0000 -0.0000 -1.0000
vn 0.9251 0.3056 -0.2253
vn -0.0247 -0.5437 -0.8389
vn -0.0000 -0.0000 1.0000
vn -0.9251 -0.3056 0.2252
vn -0.9251 -0.3056 0.2253
vn 0.0247 0.5437 0.8389
vn 0.3789 -0.7817 0.4954
vn 0.3789 -0.7816 0.4954
vn -0.3788 0.7817 -0.4955
vn -0.3789 0.7816 -0.4955
vt 0.312500 0.546875
vt 0.312500 0.609375
vt 0.250000 0.546875
vt 0.250000 0.609375
vt 0.375000 0.546875
vt 0.375000 0.609375
vt 0.312500 0.671875
s 0
usemtl m_51f8cd56-f876-8a0a-695a-6330ef33daaa
f 68/70/75 71/70/76 69/71/75 66/71/76
f 67/72/77 68/70/77 66/71/77 65/73/77
f 72/74/78 67/74/79 65/75/78 70/75/80
f 71/70/81 72/74/81 70/75/81 69/71/81
f 70/76/78 65/76/82 66/71/78 69/71/83
f 71/71/75 68/71/84 67/76/75 72/76/85
o cube.009
v 0.488526 0.212129 0.772883
v 0.704005 0.290815 0.673499
v 0.518973 -0.010264 0.662819
v 0.734452 0.068421 0.563434
v 0.704005 0.290815 0.673499
v 0.488526 0.212129 0.772883
v 0.734452 0.068421 0.563434
v 0.518973 -0.010264 0.662819
vn -0.0000 -0.0000 -1.0000
vn 0.8619 0.3147 -0.3975
vn 0.8619 0.3147 -0.3976
vn 0.4922 -0.3311 0.8051
vn -0.0000 -0.0000 1.0000
vn -0.8619 -0.3147 0.3975
vn -0.4922 0.3311 -0.8051
vn -0.1218 0.8896 0.4403
vn -0.1218 0.8896 0.4402
vn 0.1218 -0.8896 -0.4402
vn 0.1218 -0.8896 -0.4403
vt 0.187500 0.546875
vt 0.187500 0.609375
vt 0.125000 0.546875
vt 0.125000 0.609375
vt 0.250000 0.546875
vt 0.250000 0.609375
vt 0.187500 0.671875
s 0
usemtl m_51f8cd56-f876-8a0a-695a-6330ef33daaa
f 76/77/86 79/77/87 77/78/86 74/78/88
f 75/79/89 76/77/89 74/78/89 73/80/89
f 80/81/90 75/81/91 73/82/90 78/82/91
f 79/77/92 80/81/92 78/82/92 77/78/92
f 78/83/90 73/83/93 74/78/90 77/78/94
f 79/78/86 76/78/95 75/83/86 80/83/96
o cube.010
v 0.536788 0.137216 0.828347
v 0.771704 0.139873 0.742865
v 0.451274 0.140678 0.593453
v 0.686190 0.143334 0.507970
v 0.771704 0.139873 0.742865
v 0.536788 0.137216 0.828347
v 0.686190 0.143334 0.507970
v 0.451274 0.140678 0.593453
vn -0.0000 -0.0000 -1.0000
vn 0.9397 0.0106 -0.3419
vn 0.0052 -0.9998 -0.0166
vn -0.0000 -0.0000 1.0000
vn -0.9397 -0.0106 0.3419
vn -0.9397 -0.0106 0.3420
vn -0.0052 0.9998 0.0166
vn 0.3421 -0.0138 0.9396
vn 0.3420 -0.0139 0.9396
vn -0.3420 0.0138 -0.9396
vn -0.3421 0.0139 -0.9396
vt 0.062500 0.593750
vt 0.062500 0.656250
vt 0.000000 0.593750
vt 0.000000 0.656250
vt 0.125000 0.593750
vt 0.125000 0.656250
vt 0.062500 0.718750
s 0
usemtl m_51f8cd56-f876-8a0a-695a-6330ef33daaa
f 84/84/97 87/84/98 85/85/97 82/85/98
f 83/86/99 84/84/99 82/85/99 81/87/99
f 88/88/100 83/88/101 81/89/100 86/89/102
f 87/84/103 88/88/103 86/89/103 85/85/103
f 86/90/100 81/90/104 82/85/100 85/85/105
f 87/85/97 84/85/106 83/90/97 88/90/107
o cube.011
v 0.116472 0.055902 0.894242
v 0.363833 0.026944 0.872473
v 0.124299 0.245298 0.731246
v 0.371660 0.216340 0.709476
v 0.363833 0.026944 0.872473
v 0.116472 0.055902 0.894242
v 0.371660 0.216340 0.709476
v 0.124299 0.245298 0.731246
vn -0.0000 -0.0000 -1.0000
vn 0.9894 -0.1158 -0.0871
vn 0.9895 -0.1158 -0.0871
vn -0.1415 -0.6424 -0.7532
vn -0.0000 -0.0000 1.0000
vn -0.9894 0.1158 0.0871
vn 0.1415 0.6424 0.7532
vn -0.0313 -0.7576 0.6520
vn 0.0313 0.7576 -0.6519
vt 0.312500 0.609375
vt 0.312500 0.671875
vt 0.250000 0.609375
vt 0.250000 0.671875
vt 0.375000 0.609375
vt 0.375000 0.671875
vt 0.312500 0.734375
s 0
usemtl m_51f8cd56-f876-8a0a-695a-6330ef33daaa
f 92/91/108 95/91/109 93/92/108 90/92/110
f 91/93/111 92/91/111 90/92/111 89/94/111
f 96/95/112 91/95/113 89/96/112 94/96/113
f 95/91/114 96/95/114 94/96/114 93/92/114
f 94/97/112 89/97/115 90/92/112 93/92/115
f 95/92/108 92/92/116 91/97/108 96/97/116
o cube.012
v 0.107689 0.233361 0.858388
v 0.353503 0.271355 0.833250
v 0.134630 0.000887 0.770468
v 0.380444 0.038881 0.745331
v 0.353503 0.271355 0.833250
v 0.107689 0.233361 0.858388
v 0.380444 0.038881 0.745331
v 0.134630 0.000887 0.770468
vn -0.0000 -0.0000 -1.0000
vn 0.9833 0.1520 -0.1005
vn 0.9833 0.1520 -0.1006
vn 0.1469 -0.3350 0.9307
vn -0.0000 -0.0000 1.0000
vn -0.9833 -0.1520 0.1005
vn -0.9832 -0.1520 0.1006
vn -0.1469 0.3350 -0.9307
vn -0.1078 0.9299 0.3517
vn 0.1078 -0.9299 -0.3517
vt 0.187500 0.609375
vt 0.187500 0.671875
vt 0.125000 0.609375
vt 0.125000 0.671875
vt 0.250000 0.609375
vt 0.250000 0.671875
vt 0.187500 0.734375
s 0
usemtl m_51f8cd56-f876-8a0a-695a-6330ef33daaa
f 100/98/117 103/98/118 101/99/117 98/99/119
f 99/100/120 100/98/120 98/99/120 97/101/120
f 104/102/121 99/102/122 97/103/121 102/103/123
f 103/98/124 104/102/124 102/103/124 101/99/124
f 102/104/121 97/104/125 98/99/121 101/99/125
f 103/99/117 100/99/126 99/104/117 104/104/126
o cube.013
v 0.131384 0.177541 0.931617
v 0.380268 0.168677 0.909745
v 0.107865 0.103565 0.693973
v 0.356749 0.094701 0.672102
v 0.380268 0.168677 0.909745
v 0.131384 0.177541 0.931617
v 0.356749 0.094701 0.672102
v 0.107865 0.103565 0.693973
vn -0.0000 -0.0000 -1.0000
vn 0.9955 -0.0354 -0.0874
vn 0.9955 -0.0354 -0.0875
vn -0.0078 -0.9546 0.2979
vn -0.0000 -0.0000 1.0000
vn -0.9955 0.0354 0.0875
vn 0.0078 0.9546 -0.2979
vn 0.0941 0.2959 0.9506
vn -0.0941 -0.2960 -0.9506
vn -0.0940 -0.2958 -0.9506
vt 0.062500 0.656250
vt 0.062500 0.718750
vt 0.000000 0.656250
vt 0.000000 0.718750
vt 0.125000 0.656250
vt 0.125000 0.718750
vt 0.062500 0.781250
s 0
usemtl m_51f8cd56-f876-8a0a-695a-6330ef33daaa
f 108/105/127 111/105/128 109/106/127 106/106/129
f 107/107/130 108/105/130 106/106/130 105/108/130
f 112/109/131 107/109/132 105/110/131 110/110/132
f 111/105/133 112/109/133 110/110/133 109/106/133
f 110/111/131 105/111/134 106/106/131 109/106/134
f 111/106/127 108/106/135 107/111/127 112/111/136
o cube.014
v 0.330431 0.253414 0.905185
v 0.624076 0.256735 0.798331
v 0.331743 0.003453 0.901024
v 0.625388 0.006773 0.794170
v 0.538562 0.260196 0.563437
v 0.244917 0.256876 0.670290
v 0.539874 0.010234 0.559276
v 0.246229 0.006914 0.666129
vn 0.9397 0.0106 -0.3419
vn 0.3421 -0.0138 0.9396
vn -0.9397 -0.0106 0.3419
vn -0.3421 0.0138 -0.9396
vn -0.0052 0.9998 0.0166
vn 0.0052 -0.9998 -0.0166
vt 0.078125 0.859375
vt 0.140625 0.859375
vt 0.140625 0.921875
vt 0.078125 0.921875
vt 0.000000 0.859375
vt 0.000000 0.921875
vt 0.218750 0.859375
vt 0.281250 0.859375
vt 0.281250 0.921875
vt 0.218750 0.921875
vt 0.140625 1.000000
vt 0.078125 1.000000
vt 0.203125 0.921875
vt 0.203125 1.000000
s 0
usemtl m_51f8cd56-f876-8a0a-695a-6330ef33daaa
f 116/112/137 119/113/137 117/114/137 114/115/137
f 115/116/138 116/112/138 114/115/138 113/117/138
f 120/118/139 115/119/139 113/120/139 118/121/139
f 119/113/140 120/118/140 118/121/140 117/114/140
f 118/122/141 113/123/141 114/115/141 117/114/141
f 119/124/142 116/114/142 115/122/142 120/125/142
o cube.015
v 0.378635 0.223266 0.853932
v 0.554822 0.225258 0.789820
v 0.379619 0.035795 0.850811
v 0.555806 0.037787 0.786699
v 0.490686 0.227854 0.613649
v 0.314499 0.225862 0.677761
v 0.491670 0.040383 0.610528
v 0.315483 0.038391 0.674640
vn 0.9397 0.0106 -0.3419
vn 0.3421 -0.0138 0.9396
vn -0.9397 -0.0106 0.3419
vn -0.3421 0.0138 -0.9396
vn -0.0052 0.9998 0.0166
vn 0.0052 -0.9998 -0.0166
vt 0.281250 0.812500
vt 0.328125 0.812500
vt 0.328125 0.859375
vt 0.281250 0.859375
vt 0.234375 0.812500
vt 0.234375 0.859375
vt 0.375000 0.812500
vt 0.421875 0.812500
vt 0.421875 0.859375
vt 0.375000 0.859375
vt 0.328125 0.906250
vt 0.281250 0.906250
vt 0.375000 0.906250
s 0
usemtl m_51f8cd56-f876-8a0a-695a-6330ef33daaa
f 124/126/143 127/127/143 125/128/143 122/129/143
f 123/130/144 124/126/144 122/129/144 121/131/144
f 128/132/145 123/133/145 121/134/145 126/135/145
f 127/127/146 128/132/146 126/135/146 125/128/146
f 126/136/147 121/137/147 122/129/147 125/128/147
f 127/135/148 124/128/148 123/136/148 128/138/148
