# Made in Blockbench 4.6.4
mtllib pepper_popper.mtl

o cube
v 0.34375 0.0625 0.34375
v 0.34375 0.0625 -0.34375
v 0.34375 0 0.34375
v 0.34375 0 -0.34375
v -0.34375 0.0625 -0.34375
v -0.34375 0.0625 0.34375
v -0.34375 0 -0.34375
v -0.34375 0 0.34375
vt 0.171875 0.828125
vt 0.34375 0.828125
vt 0.34375 0.8125
vt 0.171875 0.8125
vt 0 0.828125
vt 0.171875 0.828125
vt 0.171875 0.8125
vt 0 0.8125
vt 0.515625 0.828125
vt 0.6875 0.828125
vt 0.6875 0.8125
vt 0.515625 0.8125
vt 0.34375 0.828125
vt 0.515625 0.828125
vt 0.515625 0.8125
vt 0.34375 0.8125
vt 0.34375 0.828125
vt 0.171875 0.828125
vt 0.171875 1
vt 0.34375 1
vt 0.515625 1
vt 0.34375 1
vt 0.34375 0.828125
vt 0.515625 0.828125
vn 0 0 -1
vn 1 0 0
vn 0 0 1
vn -1 0 0
vn 0 1 0
vn 0 -1 0
usemtl m_434dfa97-6c23-cfdf-d0e8-4193e6355629
f 4/4/1 7/3/1 5/2/1 2/1/1
f 3/8/2 4/7/2 2/6/2 1/5/2
f 8/12/3 3/11/3 1/10/3 6/9/3
f 7/16/4 8/15/4 6/14/4 5/13/4
f 6/20/5 1/19/5 2/18/5 5/17/5
f 7/24/6 4/23/6 3/22/6 8/21/6
o cube
v -0.0434784733152333 0.234375 0.14798084276754797
v -0.08426790838399945 0.234375 -0.16184567641176784
v -0.0434784733152333 0.171875 0.14798084276754797
v -0.08426790838399945 0.171875 -0.16184567641176784
v -0.2701638198915889 0.234375 -0.13737201537050814
v -0.2293743848228228 0.234375 0.17245450380880767
v -0.2701638198915889 0.171875 -0.13737201537050814
v -0.2293743848228228 0.171875 0.17245450380880767
vt 0.25 0.578125
vt 0.296875 0.578125
vt 0.296875 0.5625
vt 0.25 0.5625
vt 0.171875 0.578125
vt 0.25 0.578125
vt 0.25 0.5625
vt 0.171875 0.5625
vt 0.375 0.578125
vt 0.421875 0.578125
vt 0.421875 0.5625
vt 0.375 0.5625
vt 0.296875 0.578125
vt 0.375 0.578125
vt 0.375 0.5625
vt 0.296875 0.5625
vt 0.296875 0.578125
vt 0.25 0.578125
vt 0.25 0.65625
vt 0.296875 0.65625
vt 0.34375 0.65625
vt 0.296875 0.65625
vt 0.296875 0.578125
vt 0.34375 0.578125
vn -0.13052619222005157 0 -0.9914448613738104
vn 0.9914448613738104 0 -0.13052619222005157
vn 0.13052619222005157 0 0.9914448613738104
vn -0.9914448613738104 0 0.13052619222005157
vn 0 1 0
vn 0 -1 0
usemtl m_434dfa97-6c23-cfdf-d0e8-4193e6355629
f 12/28/7 15/27/7 13/26/7 10/25/7
f 11/32/8 12/31/8 10/30/8 9/29/8
f 16/36/9 11/35/9 9/34/9 14/33/9
f 15/40/10 16/39/10 14/38/10 13/37/10
f 14/44/11 9/43/11 10/42/11 13/41/11
f 15/48/12 12/47/12 11/46/12 16/45/12
o cube
v -0.0434784733152333 0.24062499999999998 0.14798084276754797
v -0.08426790838399945 0.24062499999999998 -0.16184567641176784
v -0.0434784733152333 0.24062499999999998 0.14798084276754797
v -0.08426790838399945 0.24062499999999998 -0.16184567641176784
v -0.2701638198915889 0.24062499999999998 -0.13737201537050814
v -0.2293743848228228 0.24062499999999998 0.17245450380880767
v -0.2701638198915889 0.24062499999999998 -0.13737201537050814
v -0.2293743848228228 0.24062499999999998 0.17245450380880767
vt 0.078125 0.84375
vt 0.125 0.84375
vt 0.125 0.84375
vt 0.078125 0.84375
vt 0 0.84375
vt 0.078125 0.84375
vt 0.078125 0.84375
vt 0 0.84375
vt 0.203125 0.84375
vt 0.25 0.84375
vt 0.25 0.84375
vt 0.203125 0.84375
vt 0.125 0.84375
vt 0.203125 0.84375
vt 0.203125 0.84375
vt 0.125 0.84375
vt 0.125 0.84375
vt 0.078125 0.84375
vt 0.078125 0.921875
vt 0.125 0.921875
vt 0.171875 0.921875
vt 0.125 0.921875
vt 0.125 0.84375
vt 0.171875 0.84375
vn -0.13052619222005157 0 -0.9914448613738104
vn 0.9914448613738104 0 -0.13052619222005157
vn 0.13052619222005157 0 0.9914448613738104
vn -0.9914448613738104 0 0.13052619222005157
vn 0 1 0
vn 0 -1 0
usemtl m_434dfa97-6c23-cfdf-d0e8-4193e6355629
f 20/52/13 23/51/13 21/50/13 18/49/13
f 19/56/14 20/55/14 18/54/14 17/53/14
f 24/60/15 19/59/15 17/58/15 22/57/15
f 23/64/16 24/63/16 22/62/16 21/61/16
f 22/68/17 17/67/17 18/66/17 21/65/17
f 23/72/18 20/71/18 19/70/18 24/69/18
o cube
v -0.008416877890425112 0.1875 0.1748845511786029
v -0.05736419997294445 0.1875 -0.19690727183657603
v -0.008416877890425112 0.0625 0.1748845511786029
v -0.05736419997294445 0.0625 -0.19690727183657603
v -0.305225415316397 0.1875 -0.16427572378156313
v -0.2562780932338777 0.1875 0.2075160992336158
v -0.305225415316397 0.0625 -0.16427572378156313
v -0.2562780932338777 0.0625 0.2075160992336158
vt 0.3125 0.6875
vt 0.375 0.6875
vt 0.375 0.65625
vt 0.3125 0.65625
vt 0.21875 0.6875
vt 0.3125 0.6875
vt 0.3125 0.65625
vt 0.21875 0.65625
vt 0.46875 0.6875
vt 0.53125 0.6875
vt 0.53125 0.65625
vt 0.46875 0.65625
vt 0.375 0.6875
vt 0.46875 0.6875
vt 0.46875 0.65625
vt 0.375 0.65625
vt 0.375 0.6875
vt 0.3125 0.6875
vt 0.3125 0.78125
vt 0.375 0.78125
vt 0.4375 0.78125
vt 0.375 0.78125
vt 0.375 0.6875
vt 0.4375 0.6875
vn -0.13052619222005157 0 -0.9914448613738104
vn 0.9914448613738104 0 -0.13052619222005157
vn 0.13052619222005157 0 0.9914448613738104
vn -0.9914448613738104 0 0.13052619222005157
vn 0 1 0
vn 0 -1 0
usemtl m_434dfa97-6c23-cfdf-d0e8-4193e6355629
f 28/76/19 31/75/19 29/74/19 26/73/19
f 27/80/20 28/79/20 26/78/20 25/77/20
f 32/84/21 27/83/21 25/82/21 30/81/21
f 31/88/22 32/87/22 30/86/22 29/85/22
f 30/92/23 25/91/23 26/90/23 29/89/23
f 31/96/24 28/95/24 27/94/24 32/93/24
o cube
v -0.1315141657841385 0.2767065468143649 0.322728657450989
v -0.13642642906902802 0.18331329386826367 0.1602176732881777
v -0.1274352222772619 0.22257995907783745 0.3537113093689206
v -0.13234748556215142 0.12918670613173633 0.1912003252061094
v -0.13642642906902802 0.18331329386826367 0.1602176732881777
v -0.1315141657841385 0.2767065468143649 0.322728657450989
v -0.13234748556215142 0.12918670613173633 0.1912003252061094
v -0.1274352222772619 0.22257995907783745 0.3537113093689206
vt 0.046875 0.8125
vt 0.046875 0.8125
vt 0.046875 0.796875
vt 0.046875 0.796875
vt 0 0.8125
vt 0.046875 0.8125
vt 0.046875 0.796875
vt 0 0.796875
vt 0.09375 0.8125
vt 0.09375 0.8125
vt 0.09375 0.796875
vt 0.09375 0.796875
vt 0.046875 0.8125
vt 0.09375 0.8125
vt 0.09375 0.796875
vt 0.046875 0.796875
vt 0.046875 0.8125
vt 0.046875 0.8125
vt 0.046875 0.859375
vt 0.046875 0.859375
vt 0.046875 0.859375
vt 0.046875 0.859375
vt 0.046875 0.8125
vt 0.046875 0.8125
vn -0.026198737519410785 -0.49809734904587283 -0.8667252488683267
vn 0.9975241122090848 0.04357787137382909 -0.05519614740182013
vn 0.026198737519410785 0.49809734904587283 0.8667252488683267
vn -0.9975241122090848 -0.04357787137382909 0.05519614740182013
vn -0.0652630961100258 0.8660254037844387 -0.4957224306869054
vn 0.0652630961100258 -0.8660254037844387 0.4957224306869054
usemtl m_434dfa97-6c23-cfdf-d0e8-4193e6355629
f 36/100/25 39/99/25 37/98/25 34/97/25
f 35/104/26 36/103/26 34/102/26 33/101/26
f 40/108/27 35/107/27 33/106/27 38/105/27
f 39/112/28 40/111/28 38/110/28 37/109/28
f 38/116/29 33/115/29 34/114/29 37/113/29
f 39/120/30 36/119/30 35/118/30 40/117/30
o cube
v -0.09849204211276863 0.24964325294610124 0.3341410399030782
v -0.10176688430269498 0.18738108431536704 0.22580038379453737
v -0.09849204211276863 0.24964325294610124 0.3341410399030782
v -0.10176688430269498 0.18738108431536704 0.22580038379453737
v -0.1641121413157628 0.18465746735450272 0.22925014300715119
v -0.16083729912583644 0.2469196359852368 0.337590799115692
v -0.1641121413157628 0.18465746735450272 0.22925014300715119
v -0.16083729912583644 0.2469196359852368 0.337590799115692
vt 0.03125 0.921875
vt 0.046875 0.921875
vt 0.046875 0.921875
vt 0.03125 0.921875
vt 0 0.921875
vt 0.03125 0.921875
vt 0.03125 0.921875
vt 0 0.921875
vt 0.078125 0.921875
vt 0.09375 0.921875
vt 0.09375 0.921875
vt 0.078125 0.921875
vt 0.046875 0.921875
vt 0.078125 0.921875
vt 0.078125 0.921875
vt 0.046875 0.921875
vt 0.046875 0.921875
vt 0.03125 0.921875
vt 0.03125 0.953125
vt 0.046875 0.953125
vt 0.0625 0.953125
vt 0.046875 0.953125
vt 0.046875 0.921875
vt 0.0625 0.921875
vn -0.026198737519410785 -0.49809734904587283 -0.8667252488683267
vn 0.9975241122090848 0.04357787137382909 -0.05519614740182013
vn 0.026198737519410785 0.49809734904587283 0.8667252488683267
vn -0.9975241122090848 -0.04357787137382909 0.05519614740182013
vn -0.0652630961100258 0.8660254037844387 -0.4957224306869054
vn 0.0652630961100258 -0.8660254037844387 0.4957224306869054
usemtl m_434dfa97-6c23-cfdf-d0e8-4193e6355629
f 44/124/31 47/123/31 45/122/31 42/121/31
f 43/128/32 44/127/32 42/126/32 41/125/32
f 48/132/33 43/131/33 41/130/33 46/129/33
f 47/136/34 48/135/34 46/134/34 45/133/34
f 46/140/35 41/139/35 42/138/35 45/137/35
f 47/144/36 44/143/36 43/142/36 48/141/36
o cube
v -0.07059425579616108 0.18874289279579926 0.22407550418823052
v -0.07223167689112425 0.1576118084804321 0.16990517613396006
v -0.07059425579616108 0.18874289279579926 0.22407550418823052
v -0.07223167689112425 0.1576118084804321 0.16990517613396006
v -0.19692219091725982 0.15216457455870347 0.17680469455918757
v -0.1952847698222967 0.18329565887407062 0.23097502261345804
v -0.19692219091725982 0.15216457455870347 0.17680469455918757
v -0.1952847698222967 0.18329565887407062 0.23097502261345804
vt 0.015625 0.890625
vt 0.046875 0.890625
vt 0.046875 0.890625
vt 0.015625 0.890625
vt 0 0.890625
vt 0.015625 0.890625
vt 0.015625 0.890625
vt 0 0.890625
vt 0.0625 0.890625
vt 0.09375 0.890625
vt 0.09375 0.890625
vt 0.0625 0.890625
vt 0.046875 0.890625
vt 0.0625 0.890625
vt 0.0625 0.890625
vt 0.046875 0.890625
vt 0.046875 0.890625
vt 0.015625 0.890625
vt 0.015625 0.90625
vt 0.046875 0.90625
vt 0.078125 0.90625
vt 0.046875 0.90625
vt 0.046875 0.890625
vt 0.078125 0.890625
vn -0.026198737519410785 -0.49809734904587283 -0.8667252488683267
vn 0.9975241122090848 0.04357787137382909 -0.05519614740182013
vn 0.026198737519410785 0.49809734904587283 0.8667252488683267
vn -0.9975241122090848 -0.04357787137382909 0.05519614740182013
vn -0.0652630961100258 0.8660254037844387 -0.4957224306869054
vn 0.0652630961100258 -0.8660254037844387 0.4957224306869054
usemtl m_434dfa97-6c23-cfdf-d0e8-4193e6355629
f 52/148/37 55/147/37 53/146/37 50/145/37
f 51/152/38 52/151/38 50/150/38 49/149/38
f 56/156/39 51/155/39 49/154/39 54/153/39
f 55/160/40 56/159/40 54/158/40 53/157/40
f 54/164/41 49/163/41 50/162/41 53/161/41
f 55/168/42 52/167/42 51/166/42 56/165/42
o cube
v 0.22644198048667297 0.234375 0.1348210190243725
v 0.25367815009531614 0.234375 -0.17648982412929798
v 0.22644198048667297 0.171875 0.1348210190243725
v 0.25367815009531614 0.171875 -0.17648982412929798
v 0.06689164420311378 0.234375 -0.19283152589448388
v 0.03965547459447061 0.234375 0.11847931725918659
v 0.06689164420311378 0.171875 -0.19283152589448388
v 0.03965547459447061 0.171875 0.11847931725918659
vt 0.078125 0.609375
vt 0.125 0.609375
vt 0.125 0.59375
vt 0.078125 0.59375
vt 0 0.609375
vt 0.078125 0.609375
vt 0.078125 0.59375
vt 0 0.59375
vt 0.203125 0.609375
vt 0.25 0.609375
vt 0.25 0.59375
vt 0.203125 0.59375
vt 0.125 0.609375
vt 0.203125 0.609375
vt 0.203125 0.59375
vt 0.125 0.59375
vt 0.125 0.609375
vt 0.078125 0.609375
vt 0.078125 0.6875
vt 0.125 0.6875
vt 0.171875 0.6875
vt 0.125 0.6875
vt 0.125 0.609375
vt 0.171875 0.609375
vn 0.08715574274765818 0 -0.9961946980917455
vn 0.9961946980917455 0 0.08715574274765818
vn -0.08715574274765818 0 0.9961946980917455
vn -0.9961946980917455 0 -0.08715574274765818
vn 0 1 0
vn 0 -1 0
usemtl m_434dfa97-6c23-cfdf-d0e8-4193e6355629
f 60/172/43 63/171/43 61/170/43 58/169/43
f 59/176/44 60/175/44 58/174/44 57/173/44
f 64/180/45 59/179/45 57/178/45 62/177/45
f 63/184/46 64/183/46 62/182/46 61/181/46
f 62/188/47 57/187/47 58/186/47 61/185/47
f 63/192/48 60/191/48 59/190/48 64/189/48
o cube
v 0.22644198048667297 0.24062499999999998 0.1348210190243725
v 0.25367815009531614 0.24062499999999998 -0.17648982412929798
v 0.22644198048667297 0.24062499999999998 0.1348210190243725
v 0.25367815009531614 0.24062499999999998 -0.17648982412929798
v 0.06689164420311378 0.24062499999999998 -0.19283152589448388
v 0.03965547459447061 0.24062499999999998 0.11847931725918659
v 0.06689164420311378 0.24062499999999998 -0.19283152589448388
v 0.03965547459447061 0.24062499999999998 0.11847931725918659
vt 0.078125 0.921875
vt 0.125 0.921875
vt 0.125 0.921875
vt 0.078125 0.921875
vt 0 0.921875
vt 0.078125 0.921875
vt 0.078125 0.921875
vt 0 0.921875
vt 0.203125 0.921875
vt 0.25 0.921875
vt 0.25 0.921875
vt 0.203125 0.921875
vt 0.125 0.921875
vt 0.203125 0.921875
vt 0.203125 0.921875
vt 0.125 0.921875
vt 0.125 0.921875
vt 0.078125 0.921875
vt 0.078125 1
vt 0.125 1
vt 0.171875 1
vt 0.125 1
vt 0.125 0.921875
vt 0.171875 0.921875
vn 0.08715574274765818 0 -0.9961946980917455
vn 0.9961946980917455 0 0.08715574274765818
vn -0.08715574274765818 0 0.9961946980917455
vn -0.9961946980917455 0 -0.08715574274765818
vn 0 1 0
vn 0 -1 0
usemtl m_434dfa97-6c23-cfdf-d0e8-4193e6355629
f 68/196/49 71/195/49 69/194/49 66/193/49
f 67/200/50 68/199/50 66/198/50 65/197/50
f 72/204/51 67/203/51 65/202/51 70/201/51
f 71/208/52 72/207/52 70/206/52 69/205/52
f 70/212/53 65/211/53 66/210/53 69/209/53
f 71/216/54 68/215/54 67/214/54 72/213/54
o cube
v 0.2548494478411757 0.1875 0.16867572030060385
v 0.2875328513715475 0.1875 -0.2048972914838007
v 0.2548494478411757 0.0625 0.16867572030060385
v 0.2875328513715475 0.0625 -0.2048972914838007
v 0.03848417684861105 0.1875 -0.22668622717071524
v 0.00580077331823925 0.1875 0.14688678461368931
v 0.03848417684861105 0.0625 -0.22668622717071524
v 0.00580077331823925 0.0625 0.14688678461368931
vt 0.09375 0.71875
vt 0.15625 0.71875
vt 0.15625 0.6875
vt 0.09375 0.6875
vt 0 0.71875
vt 0.09375 0.71875
vt 0.09375 0.6875
vt 0 0.6875
vt 0.25 0.71875
vt 0.3125 0.71875
vt 0.3125 0.6875
vt 0.25 0.6875
vt 0.15625 0.71875
vt 0.25 0.71875
vt 0.25 0.6875
vt 0.15625 0.6875
vt 0.15625 0.71875
vt 0.09375 0.71875
vt 0.09375 0.8125
vt 0.15625 0.8125
vt 0.21875 0.8125
vt 0.15625 0.8125
vt 0.15625 0.71875
vt 0.21875 0.71875
vn 0.08715574274765818 0 -0.9961946980917455
vn 0.9961946980917455 0 0.08715574274765818
vn -0.08715574274765818 0 0.9961946980917455
vn -0.9961946980917455 0 -0.08715574274765818
vn 0 1 0
vn 0 -1 0
usemtl m_434dfa97-6c23-cfdf-d0e8-4193e6355629
f 76/220/55 79/219/55 77/218/55 74/217/55
f 75/224/56 76/223/56 74/222/56 73/221/56
f 80/228/57 75/227/57 73/226/57 78/225/57
f 79/232/58 80/231/58 78/230/58 77/229/58
f 78/236/59 73/235/59 74/234/59 77/233/59
f 79/240/60 76/239/60 75/238/60 80/237/60
o cube
v 0.16772253267622905 0.27386884008286394 0.28712966928504047
v 0.13304872754057184 0.18331329386826367 0.12665016814177954
v 0.16499891571536474 0.2197422523463365 0.3182607536004075
v 0.13032511057970753 0.12918670613173633 0.15778125245714658
v 0.13304872754057184 0.18331329386826367 0.12665016814177954
v 0.16772253267622905 0.27386884008286394 0.28712966928504047
v 0.13032511057970753 0.12918670613173633 0.15778125245714658
v 0.16499891571536474 0.2197422523463365 0.3182607536004075
vt 0.046875 0.84375
vt 0.046875 0.84375
vt 0.046875 0.828125
vt 0.046875 0.828125
vt 0 0.84375
vt 0.046875 0.84375
vt 0.046875 0.828125
vt 0 0.828125
vt 0.09375 0.84375
vt 0.09375 0.84375
vt 0.09375 0.828125
vt 0.09375 0.828125
vt 0.046875 0.84375
vt 0.09375 0.84375
vt 0.09375 0.828125
vt 0.046875 0.828125
vt 0.046875 0.84375
vt 0.046875 0.84375
vt 0.046875 0.890625
vt 0.046875 0.890625
vt 0.046875 0.890625
vt 0.046875 0.890625
vt 0.046875 0.84375
vt 0.046875 0.84375
vn -0.18492696072350523 -0.48296291314453443 -0.8558906727640582
vn 0.981785612200593 -0.12940952255126043 -0.13910495012386026
vn 0.18492696072350523 0.48296291314453443 0.8558906727640582
vn -0.981785612200593 0.12940952255126043 0.13910495012386026
vn 0.043577871373829125 0.8660254037844387 -0.498097349045873
vn -0.043577871373829125 -0.8660254037844387 0.498097349045873
usemtl m_434dfa97-6c23-cfdf-d0e8-4193e6355629
f 84/244/61 87/243/61 85/242/61 82/241/61
f 83/248/62 84/247/62 82/246/62 81/245/62
f 88/252/63 83/251/63 81/250/63 86/249/63
f 87/256/64 88/255/64 86/254/64 85/253/64
f 86/260/65 81/259/65 82/258/65 85/257/65
f 87/264/66 84/263/66 83/262/66 88/261/66
o cube
v 0.19749180851116388 0.24680554621460016 0.30541882840358836
v 0.16281800337550667 0.15625 0.14493932726032743
v 0.19749180851116388 0.24680554621460016 0.30541882840358836
v 0.16281800337550667 0.15625 0.14493932726032743
v 0.10145640261296962 0.16433809515945375 0.1536333866430687
v 0.13613020774862683 0.2548936413740539 0.3141128877863296
v 0.10145640261296962 0.16433809515945375 0.1536333866430687
v 0.13613020774862683 0.2548936413740539 0.3141128877863296
vt 0.046875 0.953125
vt 0.0625 0.953125
vt 0.0625 0.953125
vt 0.046875 0.953125
vt 0 0.953125
vt 0.046875 0.953125
vt 0.046875 0.953125
vt 0 0.953125
vt 0.109375 0.953125
vt 0.125 0.953125
vt 0.125 0.953125
vt 0.109375 0.953125
vt 0.0625 0.953125
vt 0.109375 0.953125
vt 0.109375 0.953125
vt 0.0625 0.953125
vt 0.0625 0.953125
vt 0.046875 0.953125
vt 0.046875 1
vt 0.0625 1
vt 0.078125 1
vt 0.0625 1
vt 0.0625 0.953125
vt 0.078125 0.953125
vn -0.18492696072350523 -0.48296291314453443 -0.8558906727640582
vn 0.981785612200593 -0.12940952255126043 -0.13910495012386026
vn 0.18492696072350523 0.48296291314453443 0.8558906727640582
vn -0.981785612200593 0.12940952255126043 0.13910495012386026
vn 0.043577871373829125 0.8660254037844387 -0.498097349045873
vn -0.043577871373829125 -0.8660254037844387 0.498097349045873
usemtl m_434dfa97-6c23-cfdf-d0e8-4193e6355629
f 92/268/67 95/267/67 93/266/67 90/265/67
f 91/272/68 92/271/68 90/270/68 89/269/68
f 96/276/69 91/275/69 89/274/69 94/273/69
f 95/280/70 96/279/70 94/278/70 93/277/70
f 94/284/71 89/283/71 90/282/71 93/281/71
f 95/288/72 92/287/72 91/286/72 96/285/72
o cube
v 0.18911733219144455 0.18510928832718965 0.20289016229382217
v 0.1939490876908737 0.15625 0.14766294422119175
v 0.18911733219144455 0.18510928832718965 0.20289016229382217
v 0.1939490876908737 0.15625 0.14766294422119175
v 0.06942475042940555 0.15625 0.13676847637773448
v 0.06459299492997639 0.18510928832718965 0.1919956944503649
v 0.06942475042940555 0.15625 0.13676847637773448
v 0.06459299492997639 0.18510928832718965 0.1919956944503649
vt 0.015625 0.90625
vt 0.046875 0.90625
vt 0.046875 0.90625
vt 0.015625 0.90625
vt 0 0.90625
vt 0.015625 0.90625
vt 0.015625 0.90625
vt 0 0.90625
vt 0.0625 0.90625
vt 0.09375 0.90625
vt 0.09375 0.90625
vt 0.0625 0.90625
vt 0.046875 0.90625
vt 0.0625 0.90625
vt 0.0625 0.90625
vt 0.046875 0.90625
vt 0.046875 0.90625
vt 0.015625 0.90625
vt 0.015625 0.921875
vt 0.046875 0.921875
vt 0.078125 0.921875
vt 0.046875 0.921875
vt 0.046875 0.90625
vt 0.078125 0.90625
vn 0.07730808799086704 -0.46174861323503397 -0.8836354891620862
vn 0.9961946980917455 0 0.08715574274765818
vn -0.07730808799086704 0.46174861323503397 0.8836354891620862
vn -0.9961946980917455 0 -0.08715574274765818
vn 0.04024404334920053 0.8870108331782217 -0.4599915203559568
vn -0.04024404334920053 -0.8870108331782217 0.4599915203559568
usemtl m_434dfa97-6c23-cfdf-d0e8-4193e6355629
f 100/292/73 103/291/73 101/290/73 98/289/73
f 99/296/74 100/295/74 98/294/74 97/293/74
f 104/300/75 99/299/75 97/298/75 102/297/75
f 103/304/76 104/303/76 102/302/76 101/301/76
f 102/308/77 97/307/77 98/306/77 101/305/77
f 103/312/78 100/311/78 99/310/78 104/309/78