# Made in Blockbench 4.6.4
mtllib seafood_gumbo.mtl

o cube
v 0.25 0.0625 0.25
v 0.25 0.0625 -0.25
v 0.25 0 0.25
v 0.25 0 -0.25
v -0.25 0.0625 -0.25
v -0.25 0.0625 0.25
v -0.25 0 -0.25
v -0.25 0 0.25
vt 0.125 0.875
vt 0.25 0.875
vt 0.25 0.859375
vt 0.125 0.859375
vt 0 0.875
vt 0.125 0.875
vt 0.125 0.859375
vt 0 0.859375
vt 0.375 0.875
vt 0.5 0.875
vt 0.5 0.859375
vt 0.375 0.859375
vt 0.25 0.875
vt 0.375 0.875
vt 0.375 0.859375
vt 0.25 0.859375
vt 0.25 0.875
vt 0.125 0.875
vt 0.125 1
vt 0.25 1
vt 0.375 1
vt 0.25 1
vt 0.25 0.875
vt 0.375 0.875
vn 0 0 -1
vn 1 0 0
vn 0 0 1
vn -1 0 0
vn 0 1 0
vn 0 -1 0
usemtl m_ab036b06-c194-9698-f1b3-9df765691b26
f 4/4/1 7/3/1 5/2/1 2/1/1
f 3/8/2 4/7/2 2/6/2 1/5/2
f 8/12/3 3/11/3 1/10/3 6/9/3
f 7/16/4 8/15/4 6/14/4 5/13/4
f 6/20/5 1/19/5 2/18/5 5/17/5
f 7/24/6 4/23/6 3/22/6 8/21/6
o cube
v 0.3063823374070511 0.17882192826529253 0.25
v 0.3063823374070511 0.17882192826529253 -0.25
v 0.25 0 0.25
v 0.25 0 -0.25
v 0.24677502798528694 0.1976160407343095 -0.25
v 0.24677502798528694 0.1976160407343095 0.25
v 0.19039269057823582 0.018794112469017077 -0.25
v 0.19039269057823582 0.018794112469017077 0.25
vt 0.5 0.5
vt 0.515625 0.5
vt 0.515625 0.453125
vt 0.5 0.453125
vt 0.375 0.5
vt 0.5 0.5
vt 0.5 0.453125
vt 0.375 0.453125
vt 0.640625 0.5
vt 0.65625 0.5
vt 0.65625 0.453125
vt 0.640625 0.453125
vt 0.515625 0.5
vt 0.640625 0.5
vt 0.640625 0.453125
vt 0.515625 0.453125
vt 0.515625 0.5
vt 0.5 0.5
vt 0.5 0.625
vt 0.515625 0.625
vt 0.53125 0.625
vt 0.515625 0.625
vt 0.515625 0.5
vt 0.53125 0.5
vn 0 0 -1
vn 0.9537169507482269 -0.30070579950427306 0
vn 0 0 1
vn -0.9537169507482269 0.30070579950427306 0
vn 0.30070579950427306 0.9537169507482269 0
vn -0.30070579950427306 -0.9537169507482269 0
usemtl m_ab036b06-c194-9698-f1b3-9df765691b26
f 12/28/7 15/27/7 13/26/7 10/25/7
f 11/32/8 12/31/8 10/30/8 9/29/8
f 16/36/9 11/35/9 9/34/9 14/33/9
f 15/40/10 16/39/10 14/38/10 13/37/10
f 14/44/11 9/43/11 10/42/11 13/41/11
f 15/48/12 12/47/12 11/46/12 16/45/12
o cube
v -0.246775027985287 0.1976160407343096 0.25
v -0.246775027985287 0.1976160407343096 -0.25
v -0.19039269057823582 0.018794112469017077 0.25
v -0.19039269057823582 0.018794112469017077 -0.25
v -0.3063823374070512 0.17882192826529253 -0.25
v -0.3063823374070512 0.17882192826529253 0.25
v -0.25 0 -0.25
v -0.25 0 0.25
vt 0.34375 0.546875
vt 0.359375 0.546875
vt 0.359375 0.5
vt 0.34375 0.5
vt 0.21875 0.546875
vt 0.34375 0.546875
vt 0.34375 0.5
vt 0.21875 0.5
vt 0.484375 0.546875
vt 0.5 0.546875
vt 0.5 0.5
vt 0.484375 0.5
vt 0.359375 0.546875
vt 0.484375 0.546875
vt 0.484375 0.5
vt 0.359375 0.5
vt 0.359375 0.546875
vt 0.34375 0.546875
vt 0.34375 0.671875
vt 0.359375 0.671875
vt 0.375 0.671875
vt 0.359375 0.671875
vt 0.359375 0.546875
vt 0.375 0.546875
vn 0 0 -1
vn 0.9537169507482269 0.30070579950427306 0
vn 0 0 1
vn -0.9537169507482269 -0.30070579950427306 0
vn -0.30070579950427306 0.9537169507482269 0
vn 0.30070579950427306 -0.9537169507482269 0
usemtl m_ab036b06-c194-9698-f1b3-9df765691b26
f 20/52/13 23/51/13 21/50/13 18/49/13
f 19/56/14 20/55/14 18/54/14 17/53/14
f 24/60/15 19/59/15 17/58/15 22/57/15
f 23/64/16 24/63/16 22/62/16 21/61/16
f 22/68/17 17/67/17 18/66/17 21/65/17
f 23/72/18 20/71/18 19/70/18 24/69/18
o cube
v 0.25 0.1976160407343096 -0.246775027985287
v 0.25 0.17882192826529253 -0.3063823374070512
v 0.25 0.018794112469017077 -0.19039269057823582
v 0.25 0 -0.25
v -0.25 0.17882192826529253 -0.3063823374070512
v -0.25 0.1976160407343096 -0.246775027985287
v -0.25 0 -0.25
v -0.25 0.018794112469017077 -0.19039269057823582
vt 0.390625 0.921875
vt 0.515625 0.921875
vt 0.515625 0.875
vt 0.390625 0.875
vt 0.375 0.921875
vt 0.390625 0.921875
vt 0.390625 0.875
vt 0.375 0.875
vt 0.53125 0.921875
vt 0.65625 0.921875
vt 0.65625 0.875
vt 0.53125 0.875
vt 0.515625 0.921875
vt 0.53125 0.921875
vt 0.53125 0.875
vt 0.515625 0.875
vt 0.515625 0.921875
vt 0.390625 0.921875
vt 0.390625 0.9375
vt 0.515625 0.9375
vt 0.640625 0.9375
vt 0.515625 0.9375
vt 0.515625 0.921875
vt 0.640625 0.921875
vn 0 -0.30070579950427306 -0.9537169507482269
vn 1 0 0
vn 0 0.30070579950427306 0.9537169507482269
vn -1 0 0
vn 0 0.9537169507482269 -0.30070579950427306
vn 0 -0.9537169507482269 0.30070579950427306
usemtl m_ab036b06-c194-9698-f1b3-9df765691b26
f 28/76/19 31/75/19 29/74/19 26/73/19
f 27/80/20 28/79/20 26/78/20 25/77/20
f 32/84/21 27/83/21 25/82/21 30/81/21
f 31/88/22 32/87/22 30/86/22 29/85/22
f 30/92/23 25/91/23 26/90/23 29/89/23
f 31/96/24 28/95/24 27/94/24 32/93/24
o cube
v 0.25 0.17882192826529253 0.3063823374070511
v 0.25 0.1976160407343096 0.24677502798528694
v 0.25 0 0.25
v 0.25 0.018794112469017077 0.19039269057823582
v -0.25 0.1976160407343096 0.24677502798528694
v -0.25 0.17882192826529253 0.3063823374070511
v -0.25 0.018794112469017077 0.19039269057823582
v -0.25 0 0.25
vt 0.390625 0.984375
vt 0.515625 0.984375
vt 0.515625 0.9375
vt 0.390625 0.9375
vt 0.375 0.984375
vt 0.390625 0.984375
vt 0.390625 0.9375
vt 0.375 0.9375
vt 0.53125 0.984375
vt 0.65625 0.984375
vt 0.65625 0.9375
vt 0.53125 0.9375
vt 0.515625 0.984375
vt 0.53125 0.984375
vt 0.53125 0.9375
vt 0.515625 0.9375
vt 0.515625 0.984375
vt 0.390625 0.984375
vt 0.390625 1
vt 0.515625 1
vt 0.640625 1
vt 0.515625 1
vt 0.515625 0.984375
vt 0.640625 0.984375
vn 0 0.30070579950427306 -0.9537169507482269
vn 1 0 0
vn 0 -0.30070579950427306 0.9537169507482269
vn -1 0 0
vn 0 0.9537169507482269 0.30070579950427306
vn 0 -0.9537169507482269 -0.30070579950427306
usemtl m_ab036b06-c194-9698-f1b3-9df765691b26
f 36/100/25 39/99/25 37/98/25 34/97/25
f 35/104/26 36/103/26 34/102/26 33/101/26
f 40/108/27 35/107/27 33/106/27 38/105/27
f 39/112/28 40/111/28 38/110/28 37/109/28
f 38/116/29 33/115/29 34/114/29 37/113/29
f 39/120/30 36/119/30 35/118/30 40/117/30
o cube
v 0.25 0.30382192826529253 -0.24388233740705118
v 0.25 0.30382192826529253 -0.3063823374070512
v 0.25 0.17882192826529253 -0.24388233740705118
v 0.25 0.17882192826529253 -0.3063823374070512
v -0.25 0.30382192826529253 -0.3063823374070512
v -0.25 0.30382192826529253 -0.24388233740705118
v -0.25 0.17882192826529253 -0.3063823374070512
v -0.25 0.17882192826529253 -0.24388233740705118
vt 0.421875 0.84375
vt 0.546875 0.84375
vt 0.546875 0.8125
vt 0.421875 0.8125
vt 0.40625 0.84375
vt 0.421875 0.84375
vt 0.421875 0.8125
vt 0.40625 0.8125
vt 0.5625 0.84375
vt 0.6875 0.84375
vt 0.6875 0.8125
vt 0.5625 0.8125
vt 0.546875 0.84375
vt 0.5625 0.84375
vt 0.5625 0.8125
vt 0.546875 0.8125
vt 0.546875 0.84375
vt 0.421875 0.84375
vt 0.421875 0.859375
vt 0.546875 0.859375
vt 0.671875 0.859375
vt 0.546875 0.859375
vt 0.546875 0.84375
vt 0.671875 0.84375
vn 0 0 -1
vn 1 0 0
vn 0 0 1
vn -1 0 0
vn 0 1 0
vn 0 -1 0
usemtl m_ab036b06-c194-9698-f1b3-9df765691b26
f 44/124/31 47/123/31 45/122/31 42/121/31
f 43/128/32 44/127/32 42/126/32 41/125/32
f 48/132/33 43/131/33 41/130/33 46/129/33
f 47/136/34 48/135/34 46/134/34 45/133/34
f 46/140/35 41/139/35 42/138/35 45/137/35
f 47/144/36 44/143/36 43/142/36 48/141/36
o cube
v -0.24388233740705118 0.29757192826529255 0.3125
v -0.24388233740705118 0.29757192826529255 -0.3125
v -0.24388233740705118 0.17257192826529255 0.3125
v -0.24388233740705118 0.17257192826529255 -0.3125
v -0.3063823374070512 0.29757192826529255 -0.3125
v -0.3063823374070512 0.29757192826529255 0.3125
v -0.3063823374070512 0.17257192826529255 -0.3125
v -0.3063823374070512 0.17257192826529255 0.3125
vt 0.15625 0.578125
vt 0.171875 0.578125
vt 0.171875 0.546875
vt 0.15625 0.546875
vt 0 0.578125
vt 0.15625 0.578125
vt 0.15625 0.546875
vt 0 0.546875
vt 0.328125 0.578125
vt 0.34375 0.578125
vt 0.34375 0.546875
vt 0.328125 0.546875
vt 0.171875 0.578125
vt 0.328125 0.578125
vt 0.328125 0.546875
vt 0.171875 0.546875
vt 0.171875 0.578125
vt 0.15625 0.578125
vt 0.15625 0.734375
vt 0.171875 0.734375
vt 0.1875 0.734375
vt 0.171875 0.734375
vt 0.171875 0.578125
vt 0.1875 0.578125
vn 0 0 -1
vn 1 0 0
vn 0 0 1
vn -1 0 0
vn 0 1 0
vn 0 -1 0
usemtl m_ab036b06-c194-9698-f1b3-9df765691b26
f 52/148/37 55/147/37 53/146/37 50/145/37
f 51/152/38 52/151/38 50/150/38 49/149/38
f 56/156/39 51/155/39 49/154/39 54/153/39
f 55/160/40 56/159/40 54/158/40 53/157/40
f 54/164/41 49/163/41 50/162/41 53/161/41
f 55/168/42 52/167/42 51/166/42 56/165/42
o cube
v 0.25 0.30382192826529253 0.3063823374070511
v 0.25 0.30382192826529253 0.24388233740705112
v 0.25 0.17882192826529253 0.3063823374070511
v 0.25 0.17882192826529253 0.24388233740705112
v -0.25 0.30382192826529253 0.24388233740705112
v -0.25 0.30382192826529253 0.3063823374070511
v -0.25 0.17882192826529253 0.24388233740705112
v -0.25 0.17882192826529253 0.3063823374070511
vt 0.390625 0.65625
vt 0.515625 0.65625
vt 0.515625 0.625
vt 0.390625 0.625
vt 0.375 0.65625
vt 0.390625 0.65625
vt 0.390625 0.625
vt 0.375 0.625
vt 0.53125 0.65625
vt 0.65625 0.65625
vt 0.65625 0.625
vt 0.53125 0.625
vt 0.515625 0.65625
vt 0.53125 0.65625
vt 0.53125 0.625
vt 0.515625 0.625
vt 0.515625 0.65625
vt 0.390625 0.65625
vt 0.390625 0.671875
vt 0.515625 0.671875
vt 0.640625 0.671875
vt 0.515625 0.671875
vt 0.515625 0.65625
vt 0.640625 0.65625
vn 0 0 -1
vn 1 0 0
vn 0 0 1
vn -1 0 0
vn 0 1 0
vn 0 -1 0
usemtl m_ab036b06-c194-9698-f1b3-9df765691b26
f 60/172/43 63/171/43 61/170/43 58/169/43
f 59/176/44 60/175/44 58/174/44 57/173/44
f 64/180/45 59/179/45 57/178/45 62/177/45
f 63/184/46 64/183/46 62/182/46 61/181/46
f 62/188/47 57/187/47 58/186/47 61/185/47
f 63/192/48 60/191/48 59/190/48 64/189/48
o cube
v 0.3063823374070511 0.29757192826529255 0.3125
v 0.3063823374070511 0.29757192826529255 -0.3125
v 0.3063823374070511 0.17257192826529255 0.3125
v 0.3063823374070511 0.17257192826529255 -0.3125
v 0.24388233740705112 0.29757192826529255 -0.3125
v 0.24388233740705112 0.29757192826529255 0.3125
v 0.24388233740705112 0.17257192826529255 -0.3125
v 0.24388233740705112 0.17257192826529255 0.3125
vt 0.375 0.703125
vt 0.390625 0.703125
vt 0.390625 0.671875
vt 0.375 0.671875
vt 0.21875 0.703125
vt 0.375 0.703125
vt 0.375 0.671875
vt 0.21875 0.671875
vt 0.546875 0.703125
vt 0.5625 0.703125
vt 0.5625 0.671875
vt 0.546875 0.671875
vt 0.390625 0.703125
vt 0.546875 0.703125
vt 0.546875 0.671875
vt 0.390625 0.671875
vt 0.390625 0.703125
vt 0.375 0.703125
vt 0.375 0.859375
vt 0.390625 0.859375
vt 0.40625 0.859375
vt 0.390625 0.859375
vt 0.390625 0.703125
vt 0.40625 0.703125
vn 0 0 -1
vn 1 0 0
vn 0 0 1
vn -1 0 0
vn 0 1 0
vn 0 -1 0
usemtl m_ab036b06-c194-9698-f1b3-9df765691b26
f 68/196/49 71/195/49 69/194/49 66/193/49
f 67/200/50 68/199/50 66/198/50 65/197/50
f 72/204/51 67/203/51 65/202/51 70/201/51
f 71/208/52 72/207/52 70/206/52 69/205/52
f 70/212/53 65/211/53 66/210/53 69/209/53
f 71/216/54 68/215/54 67/214/54 72/213/54
o cube
v 0.25 0.24375000000000002 0.25
v 0.25 0.24375000000000002 -0.25
v 0.25 0.24375000000000002 0.25
v 0.25 0.24375000000000002 -0.25
v -0.25 0.24375000000000002 -0.25
v -0.25 0.24375000000000002 0.25
v -0.25 0.24375000000000002 -0.25
v -0.25 0.24375000000000002 0.25
vt 0.125 0.734375
vt 0.25 0.734375
vt 0.25 0.734375
vt 0.125 0.734375
vt 0 0.734375
vt 0.125 0.734375
vt 0.125 0.734375
vt 0 0.734375
vt 0.375 0.734375
vt 0.5 0.734375
vt 0.5 0.734375
vt 0.375 0.734375
vt 0.25 0.734375
vt 0.375 0.734375
vt 0.375 0.734375
vt 0.25 0.734375
vt 0.25 0.734375
vt 0.125 0.734375
vt 0.125 0.859375
vt 0.25 0.859375
vt 0.375 0.859375
vt 0.25 0.859375
vt 0.25 0.734375
vt 0.375 0.734375
vn 0 0 -1
vn 1 0 0
vn 0 0 1
vn -1 0 0
vn 0 1 0
vn 0 -1 0
usemtl m_ab036b06-c194-9698-f1b3-9df765691b26
f 76/220/55 79/219/55 77/218/55 74/217/55
f 75/224/56 76/223/56 74/222/56 73/221/56
f 80/228/57 75/227/57 73/226/57 78/225/57
f 79/232/58 80/231/58 78/230/58 77/229/58
f 78/236/59 73/235/59 74/234/59 77/233/59
f 79/240/60 76/239/60 75/238/60 80/237/60
o cube
v -0.1110598187036752 0.22402361091393042 -0.011723610972282528
v -0.07080774865782369 0.2440987171392518 -0.12835019870880993
v -0.12921353731968016 0.1664473713078447 -0.027899801291190074
v -0.08896146727382864 0.1865224775331661 -0.14452638902771753
v -0.18344229424072872 0.2883920195825387 -0.15960019870880993
v -0.22369436428658024 0.2683169133572173 -0.04297361097228253
v -0.20159601285673368 0.23081577997645297 -0.17577638902771753
v -0.24184808290258525 0.2107406737511316 -0.059149801291190074
vt 0.03125 0.609375
vt 0.0625 0.609375
vt 0.0625 0.59375
vt 0.03125 0.59375
vt 0 0.609375
vt 0.03125 0.609375
vt 0.03125 0.59375
vt 0 0.59375
vt 0.09375 0.609375
vt 0.125 0.609375
vt 0.125 0.59375
vt 0.09375 0.59375
vt 0.0625 0.609375
vt 0.09375 0.609375
vt 0.09375 0.59375
vt 0.0625 0.59375
vt 0.0625 0.609375
vt 0.03125 0.609375
vt 0.03125 0.640625
vt 0.0625 0.640625
vt 0.09375 0.640625
vt 0.0625 0.640625
vt 0.0625 0.609375
vt 0.09375 0.609375
vn 0.32201656036681214 0.16060084980257072 -0.9330127018922194
vn 0.9010763646632406 -0.3543464195462948 0.25
vn -0.32201656036681214 -0.16060084980257072 0.9330127018922194
vn -0.9010763646632406 0.3543464195462948 -0.25
vn 0.2904594978560798 0.9212198336973719 0.2588190451025208
vn -0.2904594978560798 -0.9212198336973719 -0.2588190451025208
usemtl m_ab036b06-c194-9698-f1b3-9df765691b26
f 84/244/61 87/243/61 85/242/61 82/241/61
f 83/248/62 84/247/62 82/246/62 81/245/62
f 88/252/63 83/251/63 81/250/63 86/249/63
f 87/256/64 88/255/64 86/254/64 85/253/64
f 86/260/65 81/259/65 82/258/65 85/257/65
f 87/264/66 84/263/66 83/262/66 88/261/66
o cube
v 0.21108087452325508 0.28554323764291256 -0.081395470158735
v 0.17158269825760986 0.2691825573446792 -0.1988570477569736
v 0.23499858904607318 0.22780076686095718 -0.081395470158735
v 0.19550041278042785 0.21144008656272373 -0.1988570477569736
v 0.06306235085811096 0.224231957658367 -0.156104529841265
v 0.10256052712375618 0.24059263795660035 -0.03864295224302644
v 0.08698006538092906 0.16648948687641152 -0.156104529841265
v 0.12647824164657429 0.18285016717464497 -0.03864295224302644
vt 0.21875 0.640625
vt 0.25 0.640625
vt 0.25 0.625
vt 0.21875 0.625
vt 0.1875 0.640625
vt 0.21875 0.640625
vt 0.21875 0.625
vt 0.1875 0.625
vt 0.28125 0.640625
vt 0.3125 0.640625
vt 0.3125 0.625
vt 0.28125 0.625
vt 0.25 0.640625
vt 0.28125 0.640625
vt 0.28125 0.625
vt 0.25 0.625
vt 0.25 0.640625
vt 0.21875 0.640625
vt 0.21875 0.671875
vt 0.25 0.671875
vt 0.28125 0.671875
vt 0.25 0.671875
vt 0.25 0.640625
vt 0.28125 0.640625
vn -0.31598541012516207 -0.1308854423858667 -0.9396926207859085
vn 0.868162779195991 0.3596047974904978 -0.3420201433256686
vn 0.31598541012516207 0.1308854423858667 0.9396926207859085
vn -0.868162779195991 -0.3596047974904978 0.3420201433256686
vn -0.3826834323650895 0.9238795325112871 1.387778780781446e-17
vn 0.3826834323650895 -0.9238795325112871 -1.387778780781446e-17
usemtl m_ab036b06-c194-9698-f1b3-9df765691b26
f 92/268/67 95/267/67 93/266/67 90/265/67
f 91/272/68 92/271/68 90/270/68 89/269/68
f 96/276/69 91/275/69 89/274/69 94/273/69
f 95/280/70 96/279/70 94/278/70 93/277/70
f 94/284/71 89/283/71 90/282/71 93/281/71
f 95/288/72 92/287/72 91/286/72 96/285/72
o cube
v 0.0007178369366360737 0.2610863587516494 0.21773029394898147
v 0.08101247039508785 0.23070135032937866 0.12687588788658177
v -0.017900605313401707 0.20152465530389674 0.22119541885062244
v 0.06239402814505013 0.17113964688162597 0.13034101278822285
v -0.05138907456805469 0.26462142821504053 -0.0014810722192246661
v -0.13168370802650653 0.2950064366373114 0.08937333384317503
v -0.07000751681809242 0.20505972476728784 0.001984052682416415
v -0.15030215027654426 0.23544473318955872 0.09283845874481611
vt 0.03125 0.65625
vt 0.078125 0.65625
vt 0.078125 0.640625
vt 0.03125 0.640625
vt 0 0.65625
vt 0.03125 0.65625
vt 0.03125 0.640625
vt 0 0.640625
vt 0.109375 0.65625
vt 0.15625 0.65625
vt 0.15625 0.640625
vt 0.109375 0.640625
vt 0.078125 0.65625
vt 0.109375 0.65625
vt 0.109375 0.640625
vt 0.078125 0.640625
vt 0.078125 0.65625
vt 0.03125 0.65625
vt 0.03125 0.6875
vt 0.078125 0.6875
vt 0.125 0.6875
vt 0.078125 0.6875
vt 0.078125 0.65625
vt 0.125 0.65625
vn 0.6423570676676145 -0.2430800673781664 -0.7268352484991975
vn 0.7061415731367602 -0.18090708205686348 0.6845704538976343
vn -0.6423570676676145 0.2430800673781664 0.7268352484991975
vn -0.7061415731367602 0.18090708205686348 -0.6845704538976343
vn 0.2978950760006039 0.9529872551640435 -0.055441998426256744
vn -0.2978950760006039 -0.9529872551640435 0.055441998426256744
usemtl m_ab036b06-c194-9698-f1b3-9df765691b26
f 100/292/73 103/291/73 101/290/73 98/289/73
f 99/296/74 100/295/74 98/294/74 97/293/74
f 104/300/75 99/299/75 97/298/75 102/297/75
f 103/304/76 104/303/76 102/302/76 101/301/76
f 102/308/77 97/307/77 98/306/77 101/305/77
f 103/312/78 100/311/78 99/310/78 104/309/78
o cube
v 0.0625 0.31642716860500353 0.24716332887322778
v 0.0625 0.38818031217345794 0.07393591652736164
v 0.0625 0.14319975625913728 0.1754101853047736
v 0.0625 0.21495289982759158 0.002182772958907231
v 0.0625 0.38818031217345794 0.07393591652736164
v 0.0625 0.31642716860500353 0.24716332887322778
v 0.0625 0.21495289982759158 0.002182772958907231
v 0.0625 0.14319975625913728 0.1754101853047736
vt 0.046875 0.859375
vt 0.046875 0.859375
vt 0.046875 0.8125
vt 0.046875 0.8125
vt 0 0.859375
vt 0.046875 0.859375
vt 0.046875 0.8125
vt 0 0.8125
vt 0.09375 0.859375
vt 0.09375 0.859375
vt 0.09375 0.8125
vt 0.09375 0.8125
vt 0.046875 0.859375
vt 0.09375 0.859375
vt 0.09375 0.8125
vt 0.046875 0.8125
vt 0.046875 0.859375
vt 0.046875 0.859375
vt 0.046875 0.90625
vt 0.046875 0.90625
vt 0.046875 0.90625
vt 0.046875 0.90625
vt 0.046875 0.859375
vt 0.046875 0.859375
vn 0 0.3826834323650897 -0.9238795325112867
vn 1 0 0
vn 0 -0.3826834323650897 0.9238795325112867
vn -1 0 0
vn 0 0.9238795325112867 0.3826834323650897
vn 0 -0.9238795325112867 -0.3826834323650897
usemtl m_ab036b06-c194-9698-f1b3-9df765691b26
f 108/316/79 111/315/79 109/314/79 106/313/79
f 107/320/80 108/319/80 106/318/80 105/317/80
f 112/324/81 107/323/81 105/322/81 110/321/81
f 111/328/82 112/327/82 110/326/82 109/325/82
f 110/332/83 105/331/83 106/330/83 109/329/83
f 111/336/84 108/335/84 107/334/84 112/333/84
o cube
v 0.09375 0.4776957236894608 0.3477877078326599
v 0.09375 0.5733665817807332 0.11681782470483815
v 0.09375 0.30446831134359453 0.2760345642642056
v 0.09375 0.40013916943486694 0.045064681136383844
v 0.03125 0.5733665817807332 0.11681782470483815
v 0.03125 0.4776957236894608 0.3477877078326599
v 0.03125 0.40013916943486694 0.045064681136383844
v 0.03125 0.30446831134359453 0.2760345642642056
vt 0.0625 0.734375
vt 0.078125 0.734375
vt 0.078125 0.6875
vt 0.0625 0.6875
vt 0 0.734375
vt 0.0625 0.734375
vt 0.0625 0.6875
vt 0 0.6875
vt 0.140625 0.734375
vt 0.15625 0.734375
vt 0.15625 0.6875
vt 0.140625 0.6875
vt 0.078125 0.734375
vt 0.140625 0.734375
vt 0.140625 0.6875
vt 0.078125 0.6875
vt 0.078125 0.734375
vt 0.0625 0.734375
vt 0.0625 0.796875
vt 0.078125 0.796875
vt 0.09375 0.796875
vt 0.078125 0.796875
vt 0.078125 0.734375
vt 0.09375 0.734375
vn 0 0.3826834323650897 -0.9238795325112867
vn 1 0 0
vn 0 -0.3826834323650897 0.9238795325112867
vn -1 0 0
vn 0 0.9238795325112867 0.3826834323650897
vn 0 -0.9238795325112867 -0.3826834323650897
usemtl m_ab036b06-c194-9698-f1b3-9df765691b26
f 116/340/85 119/339/85 117/338/85 114/337/85
f 115/344/86 116/343/86 114/342/86 113/341/86
f 120/348/87 115/347/87 113/346/87 118/345/87
f 119/352/88 120/351/88 118/350/88 117/349/88
f 118/356/89 113/355/89 114/354/89 117/353/89
f 119/360/90 116/359/90 115/358/90 120/357/90
o cube
v 0.125 0.5080814915195275 -0.3972998820407647
v 0.125 0.5080814915195275 -0.3972998820407647
v 0.125 0.3097431564467187 -0.2451095247885846
v 0.125 0.3097431564467187 -0.2451095247885846
v -0.125 0.5080814915195275 -0.3972998820407647
v -0.125 0.5080814915195275 -0.3972998820407647
v -0.125 0.3097431564467187 -0.2451095247885846
v -0.125 0.3097431564467187 -0.2451095247885846
vt 0 0.9375
vt 0.0625 0.9375
vt 0.0625 0.875
vt 0 0.875
vt 0 0.9375
vt 0 0.9375
vt 0 0.875
vt 0 0.875
vt 0.0625 0.9375
vt 0.125 0.9375
vt 0.125 0.875
vt 0.0625 0.875
vt 0.0625 0.9375
vt 0.0625 0.9375
vt 0.0625 0.875
vt 0.0625 0.875
vt 0.0625 0.9375
vt 0 0.9375
vt 0 0.9375
vt 0.0625 0.9375
vt 0.125 0.9375
vt 0.0625 0.9375
vt 0.0625 0.9375
vt 0.125 0.9375
vn 0 -0.6087614290087207 -0.7933533402912352
vn 1 0 0
vn 0 0.6087614290087207 0.7933533402912352
vn -1 0 0
vn 0 0.7933533402912352 -0.6087614290087207
vn 0 -0.7933533402912352 0.6087614290087207
usemtl m_ab036b06-c194-9698-f1b3-9df765691b26
f 124/364/91 127/363/91 125/362/91 122/361/91
f 123/368/92 124/367/92 122/366/92 121/365/92
f 128/372/93 123/371/93 121/370/93 126/369/93
f 127/376/94 128/375/94 126/374/94 125/373/94
f 126/380/95 121/379/95 122/378/95 125/377/95
f 127/384/96 124/383/96 123/382/96 128/381/96
o cube
v 0.09375 0.3097431564467187 -0.2451095247885846
v 0.09375 0.3097431564467187 -0.2451095247885846
v 0.09375 0.2105739889103143 -0.16901434616249444
v 0.09375 0.2105739889103143 -0.16901434616249444
v -0.09375 0.3097431564467187 -0.2451095247885846
v -0.09375 0.3097431564467187 -0.2451095247885846
v -0.09375 0.2105739889103143 -0.16901434616249444
v -0.09375 0.2105739889103143 -0.16901434616249444
vt 0.1875 0.734375
vt 0.234375 0.734375
vt 0.234375 0.703125
vt 0.1875 0.703125
vt 0.1875 0.734375
vt 0.1875 0.734375
vt 0.1875 0.703125
vt 0.1875 0.703125
vt 0.234375 0.734375
vt 0.28125 0.734375
vt 0.28125 0.703125
vt 0.234375 0.703125
vt 0.234375 0.734375
vt 0.234375 0.734375
vt 0.234375 0.703125
vt 0.234375 0.703125
vt 0.234375 0.734375
vt 0.1875 0.734375
vt 0.1875 0.734375
vt 0.234375 0.734375
vt 0.28125 0.734375
vt 0.234375 0.734375
vt 0.234375 0.734375
vt 0.28125 0.734375
vn 0 -0.6087614290087207 -0.7933533402912352
vn 1 0 0
vn 0 0.6087614290087207 0.7933533402912352
vn -1 0 0
vn 0 0.7933533402912352 -0.6087614290087207
vn 0 -0.7933533402912352 0.6087614290087207
usemtl m_ab036b06-c194-9698-f1b3-9df765691b26
f 132/388/97 135/387/97 133/386/97 130/385/97
f 131/392/98 132/391/98 130/390/98 129/389/98
f 136/396/99 131/395/99 129/394/99 134/393/99
f 135/400/100 136/399/100 134/398/100 133/397/100
f 134/404/101 129/403/101 130/402/101 133/401/101
f 135/408/102 132/407/102 131/406/102 136/405/102
o cube
v 0.09375 0.5593559089942344 0.3139629515735226
v 0.09375 0.6311090525626888 0.14073553922765636
v 0.09375 0.5016134382122788 0.2900452370507045
v 0.09375 0.5733665817807332 0.11681782470483815
v 0.03125 0.6311090525626888 0.14073553922765636
v 0.03125 0.5593559089942344 0.3139629515735226
v 0.03125 0.5733665817807332 0.11681782470483815
v 0.03125 0.5016134382122788 0.2900452370507045
vt 0.046875 0.953125
vt 0.0625 0.953125
vt 0.0625 0.9375
vt 0.046875 0.9375
vt 0 0.953125
vt 0.046875 0.953125
vt 0.046875 0.9375
vt 0 0.9375
vt 0.109375 0.953125
vt 0.125 0.953125
vt 0.125 0.9375
vt 0.109375 0.9375
vt 0.0625 0.953125
vt 0.109375 0.953125
vt 0.109375 0.9375
vt 0.0625 0.9375
vt 0.0625 0.953125
vt 0.046875 0.953125
vt 0.046875 1
vt 0.0625 1
vt 0.078125 1
vt 0.0625 1
vt 0.0625 0.953125
vt 0.078125 0.953125
vn 0 0.3826834323650897 -0.9238795325112867
vn 1 0 0
vn 0 -0.3826834323650897 0.9238795325112867
vn -1 0 0
vn 0 0.9238795325112867 0.3826834323650897
vn 0 -0.9238795325112867 -0.3826834323650897
usemtl m_ab036b06-c194-9698-f1b3-9df765691b26
f 140/412/103 143/411/103 141/410/103 138/409/103
f 139/416/104 140/415/104 138/414/104 137/413/104
f 144/420/105 139/419/105 137/418/105 142/417/105
f 143/424/106 144/423/106 142/422/106 141/421/106
f 142/428/107 137/427/107 138/426/107 141/425/107
f 143/432/108 140/431/108 139/430/108 144/429/108