# Made in Blockbench 4.6.4
mtllib honey_nuggets.mtl

o cube
v 0.09375 0.1875 0.23750000000000004
v 0.09375 0.1875 0.23750000000000004
v 0.09375 0.0625 0.23750000000000004
v 0.09375 0.0625 0.23750000000000004
v -0.09375 0.1875 0.23750000000000004
v -0.09375 0.1875 0.23750000000000004
v -0.09375 0.0625 0.23750000000000004
v -0.09375 0.0625 0.23750000000000004
vt 0.375 0.921875
vt 0.421875 0.921875
vt 0.421875 0.890625
vt 0.375 0.890625
vt 0.375 0.921875
vt 0.375 0.921875
vt 0.375 0.890625
vt 0.375 0.890625
vt 0.421875 0.921875
vt 0.46875 0.921875
vt 0.46875 0.890625
vt 0.421875 0.890625
vt 0.421875 0.921875
vt 0.421875 0.921875
vt 0.421875 0.890625
vt 0.421875 0.890625
vt 0.421875 0.921875
vt 0.375 0.921875
vt 0.375 0.921875
vt 0.421875 0.921875
vt 0.46875 0.921875
vt 0.421875 0.921875
vt 0.421875 0.921875
vt 0.46875 0.921875
vn 0 0 -1
vn 1 0 0
vn 0 0 1
vn -1 0 0
vn 0 1 0
vn 0 -1 0
usemtl m_a494ddfc-cbae-9f56-3acf-8ac424c4c54e
f 4/4/1 7/3/1 5/2/1 2/1/1
f 3/8/2 4/7/2 2/6/2 1/5/2
f 8/12/3 3/11/3 1/10/3 6/9/3
f 7/16/4 8/15/4 6/14/4 5/13/4
f 6/20/5 1/19/5 2/18/5 5/17/5
f 7/24/6 4/23/6 3/22/6 8/21/6
o cube
v 0.09375 0.1875 0.03749999999999998
v 0.09375 0.1875 0.03749999999999998
v 0.09375 0.0625 0.03749999999999998
v 0.09375 0.0625 0.03749999999999998
v -0.09375 0.1875 0.03749999999999998
v -0.09375 0.1875 0.03749999999999998
v -0.09375 0.0625 0.03749999999999998
v -0.09375 0.0625 0.03749999999999998
vt 0 1
vt 0.046875 1
vt 0.046875 0.96875
vt 0 0.96875
vt 0 1
vt 0 1
vt 0 0.96875
vt 0 0.96875
vt 0.046875 1
vt 0.09375 1
vt 0.09375 0.96875
vt 0.046875 0.96875
vt 0.046875 1
vt 0.046875 1
vt 0.046875 0.96875
vt 0.046875 0.96875
vt 0.046875 1
vt 0 1
vt 0 1
vt 0.046875 1
vt 0.09375 1
vt 0.046875 1
vt 0.046875 1
vt 0.09375 1
vn 0 0 -1
vn 1 0 0
vn 0 0 1
vn -1 0 0
vn 0 1 0
vn 0 -1 0
usemtl m_a494ddfc-cbae-9f56-3acf-8ac424c4c54e
f 12/28/7 15/27/7 13/26/7 10/25/7
f 11/32/8 12/31/8 10/30/8 9/29/8
f 16/36/9 11/35/9 9/34/9 14/33/9
f 15/40/10 16/39/10 14/38/10 13/37/10
f 14/44/11 9/43/11 10/42/11 13/41/11
f 15/48/12 12/47/12 11/46/12 16/45/12
o cube
v -0.10000000000000003 0.1875 0.23124999999999996
v -0.10000000000000003 0.1875 0.043749999999999956
v -0.10000000000000003 0.0625 0.23124999999999996
v -0.10000000000000003 0.0625 0.043749999999999956
v -0.10000000000000003 0.1875 0.043749999999999956
v -0.10000000000000003 0.1875 0.23124999999999996
v -0.10000000000000003 0.0625 0.043749999999999956
v -0.10000000000000003 0.0625 0.23124999999999996
vt 0.046875 0.921875
vt 0.046875 0.921875
vt 0.046875 0.890625
vt 0.046875 0.890625
vt 0 0.921875
vt 0.046875 0.921875
vt 0.046875 0.890625
vt 0 0.890625
vt 0.09375 0.921875
vt 0.09375 0.921875
vt 0.09375 0.890625
vt 0.09375 0.890625
vt 0.046875 0.921875
vt 0.09375 0.921875
vt 0.09375 0.890625
vt 0.046875 0.890625
vt 0.046875 0.921875
vt 0.046875 0.921875
vt 0.046875 0.96875
vt 0.046875 0.96875
vt 0.046875 0.96875
vt 0.046875 0.96875
vt 0.046875 0.921875
vt 0.046875 0.921875
vn 0 0 -1
vn 1 0 0
vn 0 0 1
vn -1 0 0
vn 0 1 0
vn 0 -1 0
usemtl m_a494ddfc-cbae-9f56-3acf-8ac424c4c54e
f 20/52/13 23/51/13 21/50/13 18/49/13
f 19/56/14 20/55/14 18/54/14 17/53/14
f 24/60/15 19/59/15 17/58/15 22/57/15
f 23/64/16 24/63/16 22/62/16 21/61/16
f 22/68/17 17/67/17 18/66/17 21/65/17
f 23/72/18 20/71/18 19/70/18 24/69/18
o cube
v 0.09999999999999998 0.1875 0.23124999999999996
v 0.09999999999999998 0.1875 0.043749999999999956
v 0.09999999999999998 0.0625 0.23124999999999996
v 0.09999999999999998 0.0625 0.043749999999999956
v 0.09999999999999998 0.1875 0.043749999999999956
v 0.09999999999999998 0.1875 0.23124999999999996
v 0.09999999999999998 0.0625 0.043749999999999956
v 0.09999999999999998 0.0625 0.23124999999999996
vt 0.046875 0.953125
vt 0.046875 0.953125
vt 0.046875 0.921875
vt 0.046875 0.921875
vt 0 0.953125
vt 0.046875 0.953125
vt 0.046875 0.921875
vt 0 0.921875
vt 0.09375 0.953125
vt 0.09375 0.953125
vt 0.09375 0.921875
vt 0.09375 0.921875
vt 0.046875 0.953125
vt 0.09375 0.953125
vt 0.09375 0.921875
vt 0.046875 0.921875
vt 0.046875 0.953125
vt 0.046875 0.953125
vt 0.046875 1
vt 0.046875 1
vt 0.046875 1
vt 0.046875 1
vt 0.046875 0.953125
vt 0.046875 0.953125
vn 0 0 -1
vn 1 0 0
vn 0 0 1
vn -1 0 0
vn 0 1 0
vn 0 -1 0
usemtl m_a494ddfc-cbae-9f56-3acf-8ac424c4c54e
f 28/76/19 31/75/19 29/74/19 26/73/19
f 27/80/20 28/79/20 26/78/20 25/77/20
f 32/84/21 27/83/21 25/82/21 30/81/21
f 31/88/22 32/87/22 30/86/22 29/85/22
f 30/92/23 25/91/23 26/90/23 29/89/23
f 31/96/24 28/95/24 27/94/24 32/93/24
o cube
v 0.25 0.0625 0.25
v 0.25 0.0625 -0.25
v 0.25 0 0.25
v 0.25 0 -0.25
v -0.25 0.0625 -0.25
v -0.25 0.0625 0.25
v -0.25 0 -0.25
v -0.25 0 0.25
vt 0.125 0.875
vt 0.25 0.875
vt 0.25 0.859375
vt 0.125 0.859375
vt 0 0.875
vt 0.125 0.875
vt 0.125 0.859375
vt 0 0.859375
vt 0.375 0.875
vt 0.5 0.875
vt 0.5 0.859375
vt 0.375 0.859375
vt 0.25 0.875
vt 0.375 0.875
vt 0.375 0.859375
vt 0.25 0.859375
vt 0.25 0.875
vt 0.125 0.875
vt 0.125 1
vt 0.25 1
vt 0.375 1
vt 0.25 1
vt 0.25 0.875
vt 0.375 0.875
vn 0 0 -1
vn 1 0 0
vn 0 0 1
vn -1 0 0
vn 0 1 0
vn 0 -1 0
usemtl m_a494ddfc-cbae-9f56-3acf-8ac424c4c54e
f 36/100/25 39/99/25 37/98/25 34/97/25
f 35/104/26 36/103/26 34/102/26 33/101/26
f 40/108/27 35/107/27 33/106/27 38/105/27
f 39/112/28 40/111/28 38/110/28 37/109/28
f 38/116/29 33/115/29 34/114/29 37/113/29
f 39/120/30 36/119/30 35/118/30 40/117/30
o cube
v 0.375 0.060370364143066735 -0.23382380968109245
v 0.375 0.09272274478088183 -0.354564537967226
v 0.375 0 -0.25
v 0.375 0.03235238063781509 -0.3707407282861336
v -0.375 0.09272274478088183 -0.354564537967226
v -0.375 0.060370364143066735 -0.23382380968109245
v -0.375 0.03235238063781509 -0.3707407282861336
v -0.375 0 -0.25
vt 0.03125 0.59375
vt 0.21875 0.59375
vt 0.21875 0.578125
vt 0.03125 0.578125
vt 0 0.59375
vt 0.03125 0.59375
vt 0.03125 0.578125
vt 0 0.578125
vt 0.25 0.59375
vt 0.4375 0.59375
vt 0.4375 0.578125
vt 0.25 0.578125
vt 0.21875 0.59375
vt 0.25 0.59375
vt 0.25 0.578125
vt 0.21875 0.578125
vt 0.21875 0.59375
vt 0.03125 0.59375
vt 0.03125 0.625
vt 0.21875 0.625
vt 0.40625 0.625
vt 0.21875 0.625
vt 0.21875 0.59375
vt 0.40625 0.59375
vn 0 0.25881904510252074 -0.9659258262890683
vn 1 0 0
vn 0 -0.25881904510252074 0.9659258262890683
vn -1 0 0
vn 0 0.9659258262890683 0.25881904510252074
vn 0 -0.9659258262890683 -0.25881904510252074
usemtl m_a494ddfc-cbae-9f56-3acf-8ac424c4c54e
f 44/124/31 47/123/31 45/122/31 42/121/31
f 43/128/32 44/127/32 42/126/32 41/125/32
f 48/132/33 43/131/33 41/130/33 46/129/33
f 47/136/34 48/135/34 46/134/34 45/133/34
f 46/140/35 41/139/35 42/138/35 45/137/35
f 47/144/36 44/143/36 43/142/36 48/141/36
o cube
v 0.354564537967226 0.09272274478088183 0.3125
v 0.354564537967226 0.09272274478088183 -0.3125
v 0.3707407282861336 0.03235238063781509 0.3125
v 0.3707407282861336 0.03235238063781509 -0.3125
v 0.2338238096810925 0.060370364143066735 -0.3125
v 0.2338238096810925 0.060370364143066735 0.3125
v 0.25 0 -0.3125
v 0.25 0 0.3125
vt 0.375 0.6875
vt 0.40625 0.6875
vt 0.40625 0.671875
vt 0.375 0.671875
vt 0.21875 0.6875
vt 0.375 0.6875
vt 0.375 0.671875
vt 0.21875 0.671875
vt 0.5625 0.6875
vt 0.59375 0.6875
vt 0.59375 0.671875
vt 0.5625 0.671875
vt 0.40625 0.6875
vt 0.5625 0.6875
vt 0.5625 0.671875
vt 0.40625 0.671875
vt 0.40625 0.6875
vt 0.375 0.6875
vt 0.375 0.84375
vt 0.40625 0.84375
vt 0.4375 0.84375
vt 0.40625 0.84375
vt 0.40625 0.6875
vt 0.4375 0.6875
vn 0 0 -1
vn 0.9659258262890683 0.25881904510252074 0
vn 0 0 1
vn -0.9659258262890683 -0.25881904510252074 0
vn -0.25881904510252074 0.9659258262890683 0
vn 0.25881904510252074 -0.9659258262890683 0
usemtl m_a494ddfc-cbae-9f56-3acf-8ac424c4c54e
f 52/148/37 55/147/37 53/146/37 50/145/37
f 51/152/38 52/151/38 50/150/38 49/149/38
f 56/156/39 51/155/39 49/154/39 54/153/39
f 55/160/40 56/159/40 54/158/40 53/157/40
f 54/164/41 49/163/41 50/162/41 53/161/41
f 55/168/42 52/167/42 51/166/42 56/165/42
o cube
v -0.23382380968109245 0.060370364143066735 0.3125
v -0.23382380968109245 0.060370364143066735 -0.3125
v -0.25 0 0.3125
v -0.25 0 -0.3125
v -0.354564537967226 0.09272274478088183 -0.3125
v -0.354564537967226 0.09272274478088183 0.3125
v -0.3707407282861336 0.03235238063781509 -0.3125
v -0.3707407282861336 0.03235238063781509 0.3125
vt 0.15625 0.703125
vt 0.1875 0.703125
vt 0.1875 0.6875
vt 0.15625 0.6875
vt 0 0.703125
vt 0.15625 0.703125
vt 0.15625 0.6875
vt 0 0.6875
vt 0.34375 0.703125
vt 0.375 0.703125
vt 0.375 0.6875
vt 0.34375 0.6875
vt 0.1875 0.703125
vt 0.34375 0.703125
vt 0.34375 0.6875
vt 0.1875 0.6875
vt 0.1875 0.703125
vt 0.15625 0.703125
vt 0.15625 0.859375
vt 0.1875 0.859375
vt 0.21875 0.859375
vt 0.1875 0.859375
vt 0.1875 0.703125
vt 0.21875 0.703125
vn 0 0 -1
vn 0.9659258262890683 -0.25881904510252074 0
vn 0 0 1
vn -0.9659258262890683 0.25881904510252074 0
vn 0.25881904510252074 0.9659258262890683 0
vn -0.25881904510252074 -0.9659258262890683 0
usemtl m_a494ddfc-cbae-9f56-3acf-8ac424c4c54e
f 60/172/43 63/171/43 61/170/43 58/169/43
f 59/176/44 60/175/44 58/174/44 57/173/44
f 64/180/45 59/179/45 57/178/45 62/177/45
f 63/184/46 64/183/46 62/182/46 61/181/46
f 62/188/47 57/187/47 58/186/47 61/185/47
f 63/192/48 60/191/48 59/190/48 64/189/48
o cube
v 0.375 0.09272274478088183 0.354564537967226
v 0.375 0.060370364143066735 0.2338238096810925
v 0.375 0.03235238063781509 0.3707407282861336
v 0.375 0 0.25
v -0.375 0.060370364143066735 0.2338238096810925
v -0.375 0.09272274478088183 0.354564537967226
v -0.375 0 0.25
v -0.375 0.03235238063781509 0.3707407282861336
vt 0.03125 0.640625
vt 0.21875 0.640625
vt 0.21875 0.625
vt 0.03125 0.625
vt 0 0.640625
vt 0.03125 0.640625
vt 0.03125 0.625
vt 0 0.625
vt 0.25 0.640625
vt 0.4375 0.640625
vt 0.4375 0.625
vt 0.25 0.625
vt 0.21875 0.640625
vt 0.25 0.640625
vt 0.25 0.625
vt 0.21875 0.625
vt 0.21875 0.640625
vt 0.03125 0.640625
vt 0.03125 0.671875
vt 0.21875 0.671875
vt 0.40625 0.671875
vt 0.21875 0.671875
vt 0.21875 0.640625
vt 0.40625 0.640625
vn 0 -0.25881904510252074 -0.9659258262890683
vn 1 0 0
vn 0 0.25881904510252074 0.9659258262890683
vn -1 0 0
vn 0 0.9659258262890683 -0.25881904510252074
vn 0 -0.9659258262890683 0.25881904510252074
usemtl m_a494ddfc-cbae-9f56-3acf-8ac424c4c54e
f 68/196/49 71/195/49 69/194/49 66/193/49
f 67/200/50 68/199/50 66/198/50 65/197/50
f 72/204/51 67/203/51 65/202/51 70/201/51
f 71/208/52 72/207/52 70/206/52 69/205/52
f 70/212/53 65/211/53 66/210/53 69/209/53
f 71/216/54 68/215/54 67/214/54 72/213/54
o cube
v 0.1041265877365275 0.1875 0.009150635094611004
v 0.1978765877365275 0.1875 -0.1532291281149713
v 0.1041265877365275 0.0625 0.009150635094611004
v 0.1978765877365275 0.0625 -0.1532291281149713
v 0.08962341226347259 0.1875 -0.2157291281149713
v -0.0041265877365274095 0.1875 -0.05334936490538905
v 0.08962341226347259 0.0625 -0.2157291281149713
v -0.0041265877365274095 0.0625 -0.05334936490538905
vt 0.484375 0.8125
vt 0.515625 0.8125
vt 0.515625 0.78125
vt 0.484375 0.78125
vt 0.4375 0.8125
vt 0.484375 0.8125
vt 0.484375 0.78125
vt 0.4375 0.78125
vt 0.5625 0.8125
vt 0.59375 0.8125
vt 0.59375 0.78125
vt 0.5625 0.78125
vt 0.515625 0.8125
vt 0.5625 0.8125
vt 0.5625 0.78125
vt 0.515625 0.78125
vt 0.515625 0.8125
vt 0.484375 0.8125
vt 0.484375 0.859375
vt 0.515625 0.859375
vt 0.546875 0.859375
vt 0.515625 0.859375
vt 0.515625 0.8125
vt 0.546875 0.8125
vn 0.49999999999999994 0 -0.8660254037844387
vn 0.8660254037844387 0 0.49999999999999994
vn -0.49999999999999994 0 0.8660254037844387
vn -0.8660254037844387 0 -0.49999999999999994
vn 0 1 0
vn 0 -1 0
usemtl m_a494ddfc-cbae-9f56-3acf-8ac424c4c54e
f 76/220/55 79/219/55 77/218/55 74/217/55
f 75/224/56 76/223/56 74/222/56 73/221/56
f 80/228/57 75/227/57 73/226/57 78/225/57
f 79/232/58 80/231/58 78/230/58 77/229/58
f 78/236/59 73/235/59 74/234/59 77/233/59
f 79/240/60 76/239/60 75/238/60 80/237/60
o cube
v 0.17446935060619018 0.18465145368978897 0.13057639762602324
v 0.3106086826207157 0.21721048700233847 0.005827683691205232
v 0.19047270885271583 0.06155048456326295 0.11591202157576297
v 0.3266120408672415 0.09410951787581245 -0.008836692359055154
v 0.2261599066687583 0.21721048700233847 -0.08633198341006032
v 0.09002057465423263 0.18465145368978897 0.03841673052475769
v 0.24216326491528395 0.09410951787581245 -0.10099635946032065
v 0.1060239329007584 0.06155048456326295 0.023752354474497417
vt 0.203125 0.53125
vt 0.234375 0.53125
vt 0.234375 0.5
vt 0.203125 0.5
vt 0.15625 0.53125
vt 0.203125 0.53125
vt 0.203125 0.5
vt 0.15625 0.5
vt 0.28125 0.53125
vt 0.3125 0.53125
vt 0.3125 0.5
vt 0.28125 0.5
vt 0.234375 0.53125
vt 0.28125 0.53125
vt 0.28125 0.5
vt 0.234375 0.5
vt 0.234375 0.53125
vt 0.203125 0.53125
vt 0.203125 0.578125
vt 0.234375 0.578125
vt 0.265625 0.578125
vt 0.234375 0.578125
vt 0.234375 0.53125
vt 0.265625 0.53125
vn 0.7260764374108033 0.1736481776669304 -0.6653264743190295
vn 0.6755902076156602 1.3877787807814457e-17 0.7372773368101241
vn -0.7260764374108033 -0.1736481776669304 0.6653264743190295
vn -0.6755902076156602 -1.3877787807814457e-17 -0.7372773368101241
vn -0.12802686597220572 0.9848077530122082 0.11731500840208255
vn 0.12802686597220572 -0.9848077530122082 -0.11731500840208255
usemtl m_a494ddfc-cbae-9f56-3acf-8ac424c4c54e
f 84/244/61 87/243/61 85/242/61 82/241/61
f 83/248/62 84/247/62 82/246/62 81/245/62
f 88/252/63 83/251/63 81/250/63 86/249/63
f 87/256/64 88/255/64 86/254/64 85/253/64
f 86/260/65 81/259/65 82/258/65 85/257/65
f 87/264/66 84/263/66 83/262/66 88/261/66
o cube
v 0.21107333866140143 0.18437920998907353 0.2866411884896821
v 0.2723859476189643 0.1689533905567776 0.11012190320430837
v 0.24171898671683623 0.06504038347300156 0.30771460162161934
v 0.3030315956743991 0.049614564040705744 0.1311953163362457
v 0.15830232612985662 0.13321145012684643 0.07361928682913232
v 0.09698971717229388 0.14863726955914225 0.25013857211450596
v 0.18894797418529152 0.01387262361077457 0.09469269996106955
v 0.12763536522772867 0.029298443043070388 0.2712119852464432
vt 0.046875 0.53125
vt 0.078125 0.53125
vt 0.078125 0.5
vt 0.046875 0.5
vt 0 0.53125
vt 0.046875 0.53125
vt 0.046875 0.5
vt 0 0.5
vt 0.125 0.53125
vt 0.15625 0.53125
vt 0.15625 0.5
vt 0.125 0.5
vt 0.078125 0.53125
vt 0.125 0.53125
vt 0.125 0.5
vt 0.078125 0.5
vt 0.078125 0.53125
vt 0.046875 0.53125
vt 0.046875 0.578125
vt 0.078125 0.578125
vt 0.109375 0.578125
vt 0.078125 0.578125
vt 0.078125 0.53125
vt 0.109375 0.53125
vn 0.32700058110700203 -0.08227103697224451 -0.9414361881886603
vn 0.9126689719128607 0.28593552343944967 0.29202093100140925
vn -0.32700058110700203 0.08227103697224451 0.9414361881886603
vn -0.9126689719128607 -0.28593552343944967 -0.29202093100140925
vn -0.2451651844434786 0.9547106121285756 -0.1685873050554982
vn 0.2451651844434786 -0.9547106121285756 0.1685873050554982
usemtl m_a494ddfc-cbae-9f56-3acf-8ac424c4c54e
f 92/268/67 95/267/67 93/266/67 90/265/67
f 91/272/68 92/271/68 90/270/68 89/269/68
f 96/276/69 91/275/69 89/274/69 94/273/69
f 95/280/70 96/279/70 94/278/70 93/277/70
f 94/284/71 89/283/71 90/282/71 93/281/71
f 95/288/72 92/287/72 91/286/72 96/285/72
o cube
v 0.2932569373283833 0.19513465740832148 -0.1562430989352142
v 0.20613550870553543 0.20356155531973674 -0.32205954584656427
v 0.3092602955749091 0.07203368828179546 -0.17090747498547454
v 0.2221388669520612 0.08046058619321073 -0.33672392189682454
v 0.09661155930919163 0.18259514788267173 -0.26558021982535485
v 0.18373298793203952 0.17416824997125646 -0.09976377291400484
v 0.11261491755571729 0.05949417875614571 -0.28024459587561523
v 0.19973634617856517 0.051067280844730556 -0.11442814896426518
vt 0.4375 0.578125
vt 0.46875 0.578125
vt 0.46875 0.546875
vt 0.4375 0.546875
vt 0.390625 0.578125
vt 0.4375 0.578125
vt 0.4375 0.546875
vt 0.390625 0.546875
vt 0.515625 0.578125
vt 0.546875 0.578125
vt 0.546875 0.546875
vt 0.515625 0.546875
vt 0.46875 0.578125
vt 0.515625 0.578125
vt 0.515625 0.546875
vt 0.46875 0.546875
vt 0.46875 0.578125
vt 0.4375 0.578125
vt 0.4375 0.625
vt 0.46875 0.625
vt 0.5 0.625
vt 0.46875 0.625
vt 0.46875 0.578125
vt 0.5 0.578125
vn -0.4646476193218557 0.044943455527548 -0.8843543835272007
vn 0.876191595170752 0.1677312594965203 -0.4518346081696754
vn 0.4646476193218557 -0.044943455527548 0.8843543835272007
vn -0.876191595170752 -0.1677312594965203 0.4518346081696754
vn -0.12802686597220525 0.9848077530122081 0.11731500840208262
vn 0.12802686597220525 -0.9848077530122081 -0.11731500840208262
usemtl m_a494ddfc-cbae-9f56-3acf-8ac424c4c54e
f 100/292/73 103/291/73 101/290/73 98/289/73
f 99/296/74 100/295/74 98/294/74 97/293/74
f 104/300/75 99/299/75 97/298/75 102/297/75
f 103/304/76 104/303/76 102/302/76 101/301/76
f 102/308/77 97/307/77 98/306/77 101/305/77
f 103/312/78 100/311/78 99/310/78 104/309/78
o cube
v -0.09775063815095758 0.18405846943285398 -0.010735765365060934
v -0.23710266096015986 0.1999635684639567 -0.13517165875516896
v -0.1091321834482602 0.059617817973407594 -0.013895621531730296
v -0.24848420625746248 0.0755229170045103 -0.13833151492183832
v -0.31995674876633695 0.20516858397658777 -0.041720559525039
v -0.18060472595713462 0.18926348494548506 0.08271533386506902
v -0.33133829406363957 0.08072793251714139 -0.044880415691708364
v -0.19198627125443724 0.06482283348603879 0.07955547769839966
vt 0.265625 0.734375
vt 0.296875 0.734375
vt 0.296875 0.703125
vt 0.265625 0.703125
vt 0.21875 0.734375
vt 0.265625 0.734375
vt 0.265625 0.703125
vt 0.21875 0.703125
vt 0.34375 0.734375
vt 0.375 0.734375
vt 0.375 0.703125
vt 0.34375 0.703125
vt 0.296875 0.734375
vt 0.34375 0.734375
vt 0.34375 0.703125
vt 0.296875 0.703125
vt 0.296875 0.734375
vt 0.265625 0.734375
vt 0.265625 0.78125
vt 0.296875 0.78125
vt 0.328125 0.78125
vt 0.296875 0.78125
vt 0.296875 0.734375
vt 0.328125 0.734375
vn -0.743210788315746 0.08482719483254778 -0.6636580980805766
vn 0.662832702449416 -0.041640124101048774 -0.7476087938410391
vn 0.743210788315746 -0.08482719483254778 0.6636580980805766
vn -0.662832702449416 0.041640124101048774 0.7476087938410391
vn 0.09105236237842107 0.9955252116755711 0.025278849333354822
vn -0.09105236237842107 -0.9955252116755711 -0.025278849333354822
usemtl m_a494ddfc-cbae-9f56-3acf-8ac424c4c54e
f 108/316/79 111/315/79 109/314/79 106/313/79
f 107/320/80 108/319/80 106/318/80 105/317/80
f 112/324/81 107/323/81 105/322/81 110/321/81
f 111/328/82 112/327/82 110/326/82 109/325/82
f 110/332/83 105/331/83 106/330/83 109/329/83
f 111/336/84 108/335/84 107/334/84 112/333/84
o cube
v 0.016550131802826384 0.1972872827481078 -0.24862764567408036
v -0.15964223459453114 0.1972872827481078 -0.3127564225476433
v 0.02761529766549853 0.07654655446197434 -0.27902893902429216
v -0.148577068731859 0.07654655446197434 -0.34315771589785504
v -0.20093799578820026 0.1649349021102927 -0.19929725114884728
v -0.024745629390842794 0.1649349021102927 -0.13516847427528433
v -0.18987282992552812 0.044194173824159244 -0.22969854449905902
v -0.01368046352817065 0.044194173824159244 -0.16556976762549608
vt 0.265625 0.8125
vt 0.296875 0.8125
vt 0.296875 0.78125
vt 0.265625 0.78125
vt 0.21875 0.8125
vt 0.265625 0.8125
vt 0.265625 0.78125
vt 0.21875 0.78125
vt 0.34375 0.8125
vt 0.375 0.8125
vt 0.375 0.78125
vt 0.34375 0.78125
vt 0.296875 0.8125
vt 0.34375 0.8125
vt 0.34375 0.78125
vt 0.296875 0.78125
vt 0.296875 0.8125
vt 0.265625 0.8125
vt 0.265625 0.859375
vt 0.296875 0.859375
vt 0.328125 0.859375
vt 0.296875 0.859375
vt 0.296875 0.8125
vt 0.328125 0.8125
vn -0.939692620785908 4.163336342344337e-17 -0.3420201433256696
vn 0.3303660895493529 0.258819045102521 -0.9076733711903684
vn 0.939692620785908 -4.163336342344337e-17 0.3420201433256696
vn -0.3303660895493529 -0.258819045102521 0.9076733711903684
vn -0.08852132690137718 0.9659258262890682 0.24321034680169415
vn 0.08852132690137718 -0.9659258262890682 -0.24321034680169415
usemtl m_a494ddfc-cbae-9f56-3acf-8ac424c4c54e
f 116/340/85 119/339/85 117/338/85 114/337/85
f 115/344/86 116/343/86 114/342/86 113/341/86
f 120/348/87 115/347/87 113/346/87 118/345/87
f 119/352/88 120/351/88 118/350/88 117/349/88
f 118/356/89 113/355/89 114/354/89 117/353/89
f 119/360/90 116/359/90 115/358/90 120/357/90
o cube
v -0.003164489511778834 0.1982057034717568 -0.14972123948092864
v -0.1674504136062948 0.1667560923161584 -0.06500225044911445
v 0.012838868734747266 0.0751047343452309 -0.16438561553118936
v -0.1514470553597687 0.043655123189632494 -0.07966662649937517
v -0.10936946119106294 0.16113816037521467 0.045542047491785365
v 0.05491646290345309 0.1925877715308132 -0.03917694154002882
v -0.09336610294453679 0.03803719124868876 0.030877671441524646
v 0.07091982114997919 0.06948680240428728 -0.05384131759028954
vt 0.046875 0.734375
vt 0.078125 0.734375
vt 0.078125 0.703125
vt 0.046875 0.703125
vt 0 0.734375
vt 0.046875 0.734375
vt 0.046875 0.703125
vt 0 0.703125
vt 0.125 0.734375
vt 0.15625 0.734375
vt 0.15625 0.703125
vt 0.125 0.703125
vt 0.078125 0.734375
vt 0.125 0.734375
vt 0.125 0.703125
vt 0.078125 0.703125
vt 0.078125 0.734375
vt 0.046875 0.734375
vt 0.046875 0.78125
vt 0.078125 0.78125
vt 0.109375 0.78125
vt 0.078125 0.78125
vt 0.078125 0.734375
vt 0.109375 0.734375
vn -0.8761915951707513 -0.167731259496525 0.45183460816967524
vn -0.46464761932185633 0.04494345552754904 -0.8843543835272005
vn 0.8761915951707513 0.167731259496525 -0.45183460816967524
vn 0.46464761932185633 -0.04494345552754904 0.8843543835272005
vn -0.12802686597220886 0.9848077530122074 0.11731500840208572
vn 0.12802686597220886 -0.9848077530122074 -0.11731500840208572
usemtl m_a494ddfc-cbae-9f56-3acf-8ac424c4c54e
f 124/364/91 127/363/91 125/362/91 122/361/91
f 123/368/92 124/367/92 122/366/92 121/365/92
f 128/372/93 123/371/93 121/370/93 126/369/93
f 127/376/94 128/375/94 126/374/94 125/373/94
f 126/380/95 121/379/95 122/378/95 125/377/95
f 127/384/96 124/383/96 123/382/96 128/381/96
o cube
v -0.26487508480444644 0.1917086452364184 0.10190103017903673
v -0.24725580145806658 0.18003937046138607 0.288206260595643
v -0.26460471980769706 0.0669550142117683 0.09406148625518496
v -0.2469854364613172 0.05528573943673598 0.28036671667179125
v -0.12280921070865841 0.18104469077454188 0.2765000493419022
v -0.14042849405503827 0.1927139655495742 0.0901948189252959
v -0.12253884571190904 0.05629105974989179 0.2686605054180504
v -0.14015812905828884 0.06796033452492412 0.08235527500144402
vt 0.046875 0.8125
vt 0.078125 0.8125
vt 0.078125 0.78125
vt 0.046875 0.78125
vt 0 0.8125
vt 0.046875 0.8125
vt 0.046875 0.78125
vt 0 0.78125
vt 0.125 0.8125
vt 0.15625 0.8125
vt 0.15625 0.78125
vt 0.125 0.78125
vt 0.078125 0.8125
vt 0.125 0.8125
vt 0.125 0.78125
vt 0.078125 0.78125
vt 0.078125 0.8125
vt 0.046875 0.8125
vt 0.046875 0.859375
vt 0.078125 0.859375
vt 0.109375 0.859375
vt 0.078125 0.859375
vt 0.078125 0.8125
vt 0.109375 0.8125
vn 0.09396951118069245 -0.062236132133505886 0.9936278955552339
vn -0.9955727259952675 -0.008042562505246462 0.09364969002992693
vn -0.09396951118069245 0.062236132133505886 -0.9936278955552339
vn 0.9955727259952675 0.008042562505246462 -0.09364969002992693
vn -0.0021629199739950727 0.9980290481972005 0.0627163513908143
vn 0.0021629199739950727 -0.9980290481972005 -0.0627163513908143
usemtl m_a494ddfc-cbae-9f56-3acf-8ac424c4c54e
f 132/388/97 135/387/97 133/386/97 130/385/97
f 131/392/98 132/391/98 130/390/98 129/389/98
f 136/396/99 131/395/99 129/394/99 134/393/99
f 135/400/100 136/399/100 134/398/100 133/397/100
f 134/404/101 129/403/101 130/402/101 133/401/101
f 135/408/102 132/407/102 131/406/102 136/405/102
o cube
v 0.09375 0.171875 0.23124999999999996
v 0.09375 0.171875 0.043749999999999956
v 0.09375 0.046875 0.23124999999999996
v 0.09375 0.046875 0.043749999999999956
v -0.09375 0.171875 0.043749999999999956
v -0.09375 0.171875 0.23124999999999996
v -0.09375 0.046875 0.043749999999999956
v -0.09375 0.046875 0.23124999999999996
vt 0.421875 0.953125
vt 0.46875 0.953125
vt 0.46875 0.921875
vt 0.421875 0.921875
vt 0.375 0.953125
vt 0.421875 0.953125
vt 0.421875 0.921875
vt 0.375 0.921875
vt 0.515625 0.953125
vt 0.5625 0.953125
vt 0.5625 0.921875
vt 0.515625 0.921875
vt 0.46875 0.953125
vt 0.515625 0.953125
vt 0.515625 0.921875
vt 0.46875 0.921875
vt 0.46875 0.953125
vt 0.421875 0.953125
vt 0.421875 1
vt 0.46875 1
vt 0.515625 1
vt 0.46875 1
vt 0.46875 0.953125
vt 0.515625 0.953125
vn 0 0 -1
vn 1 0 0
vn 0 0 1
vn -1 0 0
vn 0 1 0
vn 0 -1 0
usemtl m_a494ddfc-cbae-9f56-3acf-8ac424c4c54e
f 140/412/103 143/411/103 141/410/103 138/409/103
f 139/416/104 140/415/104 138/414/104 137/413/104
f 144/420/105 139/419/105 137/418/105 142/417/105
f 143/424/106 144/423/106 142/422/106 141/421/106
f 142/428/107 137/427/107 138/426/107 141/425/107
f 143/432/108 140/431/108 139/430/108 144/429/108